-2.30  0.15  0.65  0.93  0.59  0.17  0.64  0.26  0.26  0.48
-2.04  0.12  0.36  0.28  0.47  0.12  0.33  0.16  0.28  0.09
-1.97  0.13 -30.0 -30.0  0.30  0.15  0.47  0.21 -0.02  0.61
-1.30  0.11 -0.50  0.44  0.21  0.23  0.14  0.16  0.03  0.21
-1.82  0.11  0.26  0.19  0.20  0.14  0.20  0.14  0.00  0.10
-1.62  0.11  0.51  0.34  0.06  0.16  0.20  0.18  0.05  0.11
-2.28  0.11  0.42  0.21  0.40  0.12  0.34  0.14  0.20  0.09
-1.63  0.11  0.09  0.17  0.10  0.11  0.03  0.14 -0.10  0.08
-1.89  0.12 -30.0 -30.0  0.34  0.36  0.10  0.14  0.11  0.17
-2.66  0.13 -30.0 -30.0  0.28  0.82  0.60  0.22  0.40  0.23
-1.46  0.16 -30.0 -30.0  0.16  0.25  0.41  0.86  0.37  0.34
-2.09  0.12  0.32  0.40  0.27  0.19  0.30  0.22  0.10  0.10
-2.54  0.24 -30.0 -30.0  1.31  0.32 -30.0 -30.0  0.90  0.43
-1.98  0.17 -30.0 -30.0  0.57  0.44  0.10  0.62 -30.0 -30.0
-2.04  0.13 -30.0 -30.0  0.33  0.49  0.43  0.20  0.30  0.13
-2.12  0.13 -30.0 -30.0  0.27  0.35  0.19  0.30 -0.32  0.51
-1.84  0.12  0.42  0.41  0.17  0.30  0.57  0.27  0.00  0.88
-1.22  0.12 -0.05  0.51  0.43  0.18  0.27  0.34 -0.09  0.19
-2.47  0.15  0.77  0.92  0.96  0.26  0.56  0.32  0.31  0.36
-1.26  0.11 -30.0 -30.0 -0.14  0.15  0.10  0.17 -0.30  0.10
-2.34  0.16 -30.0 -30.0  0.38  0.41  0.66  0.35 -30.0 -30.0
-1.59  0.11  0.22  0.22  0.23  0.22  0.24  0.18  0.00  0.09
-1.70  0.12  0.31  0.29  0.20  0.16  0.50  0.18  0.20  0.14
-1.61  0.13 -30.0 -30.0  0.37  0.29 -0.08  0.51 -0.12  0.16
-1.97  0.12 -30.0 -30.0  0.40  0.15  0.66  0.22  0.20  0.29
-1.22  0.11 -0.31  0.22 -0.33  0.20 -0.28  0.14 -0.53  0.09
-2.02  0.12 -30.0 -30.0  0.31  0.26  0.20  0.20  0.10  0.17
-1.38  0.11  0.05  0.17 -0.03  0.15 -0.05  0.13 -0.17  0.11
-2.58  0.12  0.51  0.60  0.60  0.12  0.51  0.15  0.39  0.10
-1.28  0.11  0.00  0.11 -0.04  0.12  0.28  0.17 -0.15  0.09
-2.11  0.11 -0.15  0.73  0.37  0.12 -30.0 -30.0  0.16  0.09
-1.81  0.11 -0.08  0.34  0.34  0.14  0.26  0.23  0.10  0.10
-1.40  0.11 -30.0 -30.0 -0.49  0.19 -0.22  0.18 -0.30  0.13
-1.59  0.11 -0.06  0.66 -0.03  0.14  0.10  0.12 -0.01  0.22
-2.05  0.12 -30.0 -30.0  0.59  0.18  0.72  0.21  0.14  0.20
-1.76  0.12  0.66  0.26  0.25  0.19  0.13  0.20 -0.05  0.32
-1.46  0.11  0.25  0.26  0.04  0.15  0.24  0.17  0.05  0.09
-1.79  0.12  0.60  0.32  0.46  0.16  0.71  0.29  0.35  0.12
-1.59  0.11  0.13  0.20  0.10  0.12  0.10  0.16  0.08  0.08
-2.21  0.14 -30.0 -30.0  0.32  0.59 -0.20  0.43  0.29  0.28
-2.51  0.12  0.40  0.33  0.73  0.14  0.59  0.19  0.40  0.14
-2.20  0.12  0.65  0.28  0.16  0.27  0.30  0.16  0.25  0.13
-2.44  0.15  1.00  0.65  0.84  0.29  0.20  0.68  0.65  0.27
-2.32  0.12  0.80  0.33 -30.0 -30.0  0.03  0.39  0.27  0.17
-1.34  0.13  0.28  0.56  0.30  0.29 -30.0 -30.0  0.16  0.27
-1.27  0.14  0.18  0.86  0.09  0.34 -0.01  0.62 -30.0 -30.0 
-1.83  0.13  0.57  0.40 -0.03  0.41 -30.0 -30.0 -30.0 -30.0 
-1.16  0.11 -0.45  0.39 -0.46  0.16 -30.0 -30.0 -0.20  0.12
-1.44  0.12  0.15  0.31  0.38  0.14 -0.11  0.23 -30.0 -30.0 
-1.37  0.12  0.28  0.37  0.10  0.24 -0.04  0.35 -0.22  0.33
-1.12  0.12 -30.0 -30.0  0.03  0.28  0.12  0.48 -0.80  0.54
-2.29  0.12 -30.0 -30.0  0.60  0.19  0.44  0.20  0.30  0.10
-1.40  0.11 -30.0 -30.0  0.20  0.13 -0.12  0.13 -0.02  0.11
-2.00  0.11 -0.43  0.69  0.48  0.12  0.22  0.18  0.10  0.09
-1.02  0.11 -0.31  0.17 -30.0 -30.0 -0.13  0.14 -0.55  0.10
-1.85  0.11  0.14  0.27  0.20  0.16  0.15  0.13 -0.10  0.20
-1.05  0.12 -0.27  0.51  0.18  0.13  0.08  0.19  0.10  0.17
-1.44  0.12  0.43  0.31 -0.31  0.37 -0.09  0.25 -0.19  0.27
-1.85  0.13  0.59  0.54  0.30  0.28  0.00  0.21 -0.19  0.40
-1.53  0.11  0.16  0.15 -0.01  0.12  0.05  0.15  0.00  0.09
-1.17  0.12 -0.09  0.48 -0.20  0.15 -0.40  0.26 -0.43  0.15
-1.13  0.11 -0.40  0.26 -30.0 -30.0 -0.01  0.23 -30.0 -30.0 
-1.71  0.12  0.11  0.50  0.38  0.15  0.18  0.21 -0.51  0.32
-2.85  0.18 -30.0 -30.0  1.39  0.24  0.47  0.37  0.70  0.16
-1.68  0.11  0.21  0.29  0.31  0.15 -0.06  0.46  0.12  0.11
-1.40  0.11 -0.06  0.24  0.15  0.12  0.09  0.12  0.08  0.09
-1.70  0.14 -30.0 -30.0  0.36  0.37  1.02  0.32 -0.12  0.44
-1.26  0.11 -0.25  0.20 -0.26  0.16 -0.17  0.14 -0.64  0.09
-2.22  0.20 -30.0 -30.0  0.81  0.37  0.41  0.58 -30.0 -30.0 
-2.17  0.15 -30.0 -30.0  0.56  0.23  0.40  0.20  0.41  0.30
-2.66  0.16 -30.0 -30.0 -30.0 -30.0  0.39  0.28 -30.0 -30.0 
-1.09  0.11 -0.20  0.22 -0.47  0.16 -0.04  0.14 -0.47  0.09
-1.61  0.14 -30.0 -30.0 -0.48  0.96 -0.03  0.44  0.00  0.37
-1.30  0.11 -0.08  0.44 -0.13  0.16  0.02  0.21 -0.10  0.09
-1.08  0.13  0.10  0.39  0.31  0.26 -0.11  0.98  0.10  0.24
-1.95  0.11  0.56  0.16  0.50  0.11  0.30  0.12  0.20  0.09
-1.28  0.12 -0.01  0.36 -0.22  0.29  0.03  0.19 -0.14  0.14
-2.02  0.12 -30.0 -30.0  0.60  0.16  0.45  0.17  0.03  0.17
-1.57  0.12 -30.0 -30.0  0.43  0.21 -0.09  0.24  0.09  0.11
-2.20  0.12  0.52  0.60  0.48  0.43  0.48  0.16  0.54  0.17
-1.78  0.13 -30.0 -30.0  0.87  0.16  0.43  0.54  0.24  0.26
-1.95  0.13  0.15  0.99  0.37  0.28 -0.69  0.54 -0.17  0.34
-1.31  0.12  0.10  0.19  0.61  0.19 -0.02  0.65 -0.21  0.27
-2.10  0.15  0.96  0.45  0.25  0.55  0.10  0.49 -30.0 -30.0 
-1.23  0.12 -30.0 -30.0 -0.36  0.42 -0.27  0.32 -0.27  0.32
-1.13  0.11  0.00  0.24 -0.14  0.14 -0.05  0.14 -0.30  0.10
-2.21  0.12 -30.0 -30.0  0.55  0.20  0.31  0.32  0.44  0.16
-2.30  0.12  0.79  0.16  0.40  0.22  0.29  0.13  0.22  0.15
-2.62  0.12 -30.0 -30.0  0.34  0.41  0.32  0.15  0.30  0.21
-1.41  0.17 -30.0 -30.0 -30.0 -30.0 -0.15  0.57  0.04  0.54
-1.13  0.11 -0.12  0.20 -0.30  0.13 -0.02  0.14 -0.30  0.10
-1.02  0.11  0.13  0.22 -0.10  0.16  0.27  0.22 -0.13  0.14
-1.42  0.11 -30.0 -30.0  0.05  0.14  0.23  0.20 -0.03  0.09
-1.57  0.12  0.45  0.44  0.29  0.21  0.25  0.21  0.00  0.58
-2.34  0.21 -30.0 -30.0  0.84  0.37  0.05  0.59  0.26  0.68
-2.06  0.11  0.29  0.16  0.30  0.11  0.14  0.13  0.08  0.08
-1.17  0.11  0.10  0.20 -0.06  0.15  0.20  0.19 -0.14  0.09
-1.76  0.12 -0.32  0.70  0.31  0.16  0.07  0.27  0.07  0.12
-1.83  0.12 -30.0 -30.0  0.30  0.25  0.37  0.28  0.08  0.10
-2.34  0.12  0.61  0.28  0.35  0.13  0.17  0.14  0.17  0.10
-1.10  0.11 -0.38  0.36 -0.10  0.15  0.11  0.21 -0.20  0.15
-1.73  0.13  0.38  0.55  0.45  0.27  0.14  0.96 -0.33  0.53
-1.29  0.11 -0.17  0.22 -0.55  0.20 -0.03  0.15 -0.40  0.10
-2.37  0.23 -30.0 -30.0 -30.0 -30.0 -30.0 -30.0  0.25  0.78
-1.56  0.11  0.12  0.18  0.16  0.14  0.47  0.16  0.07  0.09
-1.69  0.12 -30.0 -30.0  0.61  0.18  0.19  0.17  0.31  0.18
-1.22  0.11 -0.20  0.20 -0.43  0.16 -0.19  0.19 -0.27  0.11
-1.16  0.11 -0.25  0.21 -0.06  0.13  0.02  0.15 -0.12  0.09
-2.09  0.12  0.93  0.27  0.65  0.17  0.80  0.25  0.30  0.27
-1.35  0.13 -30.0 -30.0  0.30  0.43  0.43  0.34  0.10  0.51
-2.17  0.11  0.52  0.15  0.28  0.21  0.26  0.12  0.20  0.09
-1.51  0.11  0.37  0.18  0.16  0.14  0.30  0.17 -0.04  0.11
-1.25  0.11 -0.28  0.43  0.00  0.12  0.03  0.14 -0.24  0.09
-1.53  0.12  0.51  0.30  0.01  0.26  0.06  0.19  0.10  0.21
-2.34  0.12  0.68  0.37  0.87  0.16  0.28  0.14 -30.0 -30.0 
-2.23  0.12 -30.0 -30.0  0.38  0.24  0.33  0.21  0.18  0.11
-1.30  0.11 -0.02  0.16 -0.10  0.13 -0.08  0.15 -0.12  0.09
-1.37  0.11 -0.30  0.58 -0.35  0.41 -0.12  0.18 -0.52  0.17
-1.41  0.12  0.18  0.26 -30.0 -30.0 -0.02  0.19  0.10  0.13
-1.10  0.11  0.00  0.17 -0.01  0.24  0.13  0.19 -0.30  0.10
-2.04  0.17  0.88  0.63  0.56  0.39  0.50  0.48  0.52  0.50
-1.78  0.12  0.22  0.58  0.61  0.16 -0.22  0.26  0.20  0.17
-2.49  0.21 -30.0 -30.0 -30.0 -30.0  0.88  0.41 -30.0 -30.0 
-1.68  0.11  0.33  0.16  0.28  0.11  0.22  0.17  0.09  0.09
-1.77  0.15 -30.0 -30.0  0.42  0.41  0.11  0.42  0.47  0.35
-1.68  0.12  0.45  0.28  0.29  0.13  0.11  0.32  0.12  0.16
-1.44  0.12  0.45  0.26 -0.10  0.28  0.40  0.38  0.25  0.16
-1.96  0.16 -30.0 -30.0  0.73  0.26 -0.08  0.39  0.53  0.28
-1.58  0.11  0.15  0.16  0.18  0.14  0.06  0.13  0.00  0.10
-1.87  0.13  0.70  0.37 -30.0 -30.0  0.33  0.25  0.07  0.47
-1.24  0.11 -0.02  0.12 -0.21  0.15 -0.02  0.13 -0.11  0.09
-1.40  0.13 -30.0 -30.0  0.69  0.24  0.47  0.44 -0.37  0.41
-1.97  0.14 -30.0 -30.0 -30.0 -30.0 -30.0 -30.0  0.17  0.28
-1.59  0.15  0.55  0.71  0.21  0.39  0.09  0.33 -30.0 -30.0 
-1.58  0.12  0.47  0.37 -0.21  0.34 -0.02  0.30 -0.11  0.11
-2.81  0.13 -30.0 -30.0  0.62  0.39  0.70  0.14  0.88  0.15
-1.26  0.11  0.03  0.19 -0.10  0.14 -0.02  0.15 -0.11  0.09
-1.91  0.13 -30.0 -30.0 -30.0 -30.0  0.34  0.28 -0.08  0.39
-2.72  0.14 -30.0 -30.0  0.27  0.71  0.62  0.22  0.27  0.51
-2.70  0.15 -30.0 -30.0  0.73  0.41  0.83  0.30  0.55  0.29
-1.14  0.11  0.03  0.17 -0.02  0.15 -0.06  0.15 -0.11  0.09
-1.39  0.11 -0.37  0.30 -0.32  0.12 -0.16  0.14 -0.65  0.09
-1.43  0.12  0.14  0.31  0.19  0.13  0.16  0.19 -0.22  0.23
-2.09  0.11  0.47  0.26  0.50  0.13  0.51  0.18  0.20  0.09
-1.19  0.11  0.00  0.18 -0.21  0.14 -0.07  0.25 -0.13  0.09
-1.74  0.12  0.36  0.42 -30.0 -30.0  0.17  0.24 -0.08  0.29
-1.87  0.12  0.50  0.23  0.36  0.12  0.35  0.17  0.06  0.11
-1.77  0.13  0.70  0.38 -0.17  0.44 -0.14  0.47  0.20  0.21
-0.96  0.11 -0.10  0.26 -0.13  0.13 -0.03  0.13 -0.11  0.09
-1.94  0.11  0.15  0.30  0.30  0.11  0.36  0.18  0.10  0.09
-1.07  0.11 -0.43  0.25 -0.39  0.15  0.07  0.14 -0.32  0.09
-1.30  0.11 -0.10  0.22 -0.01  0.29 -0.10  0.14 -0.18  0.26
-1.23  0.11 -0.10  0.27 -0.07  0.16  0.05  0.19 -0.11  0.09
-1.61  0.11 -30.0 -30.0  0.18  0.11  0.06  0.16 -0.01  0.11
-1.37  0.11 -30.0 -30.0 -0.16  0.18  0.09  0.25 -0.03  0.11
-1.17  0.11 -0.40  0.15 -0.39  0.18  0.13  0.22 -0.40  0.09
-2.72  0.11  0.63  0.37  0.68  0.15  0.40  0.16  0.20  0.12
-1.35  0.11 -0.54  0.53  0.09  0.11  0.04  0.17 -0.12  0.09
-2.36  0.11  0.30  0.51  0.52  0.16  0.39  0.13  0.30  0.11
-1.35  0.12 -30.0 -30.0  0.12  0.48  0.62  0.24 -0.22  0.16
-2.12  0.13  0.95  0.35  0.17  0.82  0.30  0.31 -0.12  0.43
-1.25  0.11 -0.52  0.56 -0.44  0.19  0.00  0.18 -0.23  0.09
-2.79  0.13 -30.0 -30.0  0.74  0.37  0.38  0.13  0.58  0.28
-1.35  0.12  0.28  0.42 -30.0 -30.0 -0.20  0.25 -0.40  0.16
-2.30  0.12 -30.0 -30.0  0.23  0.65  0.00  0.14  0.22  0.14
-2.79  0.12 -30.0 -30.0  0.81  0.15  0.40  0.17  0.31  0.13
-2.82  0.23 -30.0 -30.0  1.27  0.29  0.54  0.45 -30.0 -30.0 
-1.40  0.11 -0.07  0.18  0.00  0.20 -0.11  0.14 -0.13  0.09
-1.46  0.12  0.33  0.28 -0.04  0.21 -0.40  0.49 -0.19  0.21
-2.09  0.22 -30.0 -30.0 -30.0 -30.0 -30.0 -30.0  0.26  0.92
-1.27  0.12 -30.0 -30.0  0.27  0.19 -0.28  0.31 -0.06  0.66
-0.97  0.11  0.39  0.23 -0.09  0.18  0.23  0.21 -0.30  0.14
-1.90  0.17 -30.0 -30.0  0.03  0.89  0.02  0.49  0.67  0.30
-2.40  0.12  0.39  0.37  0.58  0.15  0.62  0.24  0.28  0.11
-1.99  0.12  0.11  0.96 -30.0 -30.0  0.25  0.13  0.25  0.17
-1.18  0.11 -30.0 -30.0 -0.01  0.12 -0.07  0.18 -0.20  0.14
-1.24  0.11 -0.12  0.31 -0.29  0.18 -0.16  0.24 -0.20  0.14
-1.38  0.17 -30.0 -30.0  1.17  0.28  0.60  0.37  0.28  0.43
-1.38  0.11  0.02  0.24  0.10  0.16  0.03  0.17 -0.10  0.09
-2.03  0.15  0.56  0.83 -30.0 -30.0 -0.05  0.47  0.18  0.40
-1.44  0.11 -30.0 -30.0  0.03  0.27  0.22  0.16 -0.10  0.10
-1.75  0.12 -0.10  0.98  0.60  0.12  0.68  0.26  0.29  0.34
-1.13  0.12 -30.0 -30.0  0.00  0.12  0.17  0.22 -0.33  0.17
-1.89  0.12 -30.0 -30.0  0.48  0.14  0.25  0.20  0.26  0.12
-1.82  0.12 -0.22  0.73  0.06  0.25  0.40  0.22  0.15  0.16
-1.16  0.11  0.00  0.19 -0.12  0.14  0.15  0.18  0.00  0.10
-1.51  0.12 -0.20  0.98  0.17  0.13 -0.10  0.18  0.03  0.13
-1.31  0.11  0.09  0.19  0.00  0.12 -0.10  0.14 -0.20  0.13
-1.36  0.12  0.25  0.29 -0.41  0.24  0.17  0.25 -0.03  0.10
-2.37  0.16 -30.0 -30.0  0.92  0.21 -0.35  0.62  0.45  0.38
-2.09  0.13 -30.0 -30.0  0.67  0.25  0.13  0.23  0.45  0.20
-1.22  0.11 -0.06  0.24 -0.03  0.18  0.07  0.14 -0.11  0.09
-2.22  0.13  0.84  0.37 -30.0 -30.0  0.45  0.37  0.51  0.22
-1.90  0.11  0.46  0.25  0.08  0.18  0.32  0.18  0.12  0.12
-1.94  0.11  0.40  0.21  0.18  0.11  0.30  0.15 -0.14  0.11
-1.21  0.11 -0.42  0.69 -0.31  0.19 -0.08  0.17 -0.30  0.13
-1.77  0.11  0.00  0.28  0.30  0.12  0.32  0.16  0.00  0.13
-1.74  0.12  0.34  0.38  0.19  0.23  0.42  0.26 -30.0 -30.0 
-1.23  0.12 -30.0 -30.0  0.00  0.26  0.21  0.30 -0.20  0.19
-1.21  0.11 -30.0 -30.0 -0.24  0.16 -0.08  0.17 -0.32  0.18
-2.09  0.15 -30.0 -30.0 -30.0 -30.0  0.38  0.40  0.20  0.16      
-2.34  0.29  1.10  0.63 -30.0 -30.0  0.79  0.43 -30.0 -30.0 
-2.07  0.12  0.28  0.75  0.26  0.19  0.30  0.24 -0.03  0.30
-1.44  0.13  0.70  0.39  0.08  0.31  0.01  0.50 -0.32  0.41
-2.07  0.11  0.28  0.36 -30.0 -30.0  0.29  0.15  0.26  0.09
-1.36  0.11 -0.06  0.18 -0.10  0.13  0.01  0.16 -0.22  0.12
-2.09  0.12  0.56  0.33  0.29  0.32  0.31  0.18  0.31  0.13
-1.50  0.13 -30.0 -30.0  0.28  0.25  0.01  0.49 -0.13  0.58
-1.76  0.13 -30.0 -30.0  0.32  0.28  0.44  0.25  0.36  0.22
-2.09  0.13 -30.0 -30.0  0.55  0.26  0.09  0.16  0.07  0.16
-1.07  0.11 -0.46  0.72 -0.23  0.12 -0.03  0.17 -0.39  0.11
-1.26  0.12 -0.29  0.73  0.04  0.39  0.11  0.20 -0.12  0.16
-2.40  0.13 -30.0 -30.0 -30.0 -30.0  0.13  0.32 -0.10  0.47
-1.26  0.14  0.23  0.82  0.13  0.31 -0.23  0.43  0.13  0.33
-1.41  0.11 -0.19  0.28  0.09  0.19  0.00  0.15  0.04  0.11
-2.17  0.21 -30.0 -30.0 -30.0 -30.0  0.53  0.41 -30.0 -30.0 
-1.42  0.11  0.09  0.17  0.03  0.14 -0.03  0.12 -0.10  0.09
-2.20  0.33 -30.0 -30.0 -30.0 -30.0  0.24  0.74  0.92  0.62
-2.30  0.13  1.17  0.32  0.48  0.27  0.72  0.23 -0.04  0.73
-3.02  0.15 -30.0 -30.0 -30.0 -30.0  0.52  0.26  0.58  0.34
-1.59  0.14  0.30  0.59  0.48  0.26 -0.21  0.61 -0.03  0.27
-1.30  0.13  0.59  0.41 -30.0 -30.0  0.27  0.27 -0.19  0.42
-1.25  0.12 -30.0 -30.0 -0.33  0.41 -0.38  0.19 -0.53  0.33
-1.87  0.11  0.14  0.19  0.11  0.13 -0.01  0.15 -0.12  0.08
-1.96  0.12 -30.0 -30.0 -0.10  0.35  0.09  0.29  0.16  0.15
-2.38  0.18 -30.0 -30.0 -30.0 -30.0 -30.0 -30.0  0.87  0.31
-2.01  0.15  1.18  0.40  0.21  0.36  0.38  0.45  0.06  0.46
-1.85  0.11  0.24  0.37  0.03  0.15  0.41  0.19 -0.03  0.08
-1.92  0.13  0.51  0.46 -30.0 -30.0 -0.10  0.32  0.10  0.14
-2.23  0.13  0.99  0.29  0.51  0.34  1.14  0.29  0.34  0.21
-1.33  0.12 -0.38  0.82  0.00  0.12  0.00  0.20 -0.38  0.17
-2.16  0.15 -30.0 -30.0  0.20  0.21  0.05  0.39  0.12  0.44
-1.47  0.15 -30.0 -30.0 -30.0 -30.0  1.06  0.35  0.52  0.27
-2.16  0.15 -30.0 -30.0  0.34  0.55  1.04  0.37  0.28  0.30
-1.31  0.12  0.30  0.43 -0.07  0.33 -0.10  0.16  0.11  0.23
-1.43  0.16 -30.0 -30.0  0.29  0.40  0.56  0.56  0.23  0.36
-1.21  0.11 -0.27  0.32 -0.34  0.15 -0.10  0.33 -0.14  0.09
-1.06  0.12  0.54  0.19 -0.58  0.31  0.15  0.34 -0.42  0.17
-1.57  0.12 -0.10  0.58  0.49  0.14 -0.07  0.40  0.09  0.12
-1.56  0.12  0.17  0.39 -30.0 -30.0 -0.23  0.30  0.30  0.15
-1.75  0.12  0.14  0.32 -30.0 -30.0  0.38  0.19 -30.0 -30.0 
-1.11  0.11 -0.05  0.34 -0.16  0.17  0.00  0.14 -0.33  0.09
-1.56  0.11  0.15  0.18  0.27  0.12  0.00  0.19  0.10  0.09
-2.31  0.16 -30.0 -30.0  0.60  0.40  0.53  0.42 -30.0 -30.0 
-1.55  0.11 -0.65  0.71 -0.11  0.12 -0.26  0.13 -0.39  0.21
-2.67  0.13  0.97  0.52  0.77  0.26  0.30  0.22  0.14  0.36
-0.96  0.11 -30.0 -30.0 -0.53  0.22 -0.16  0.19 -0.28  0.10
-2.59  0.19 -30.0 -30.0  0.72  0.47  0.66  0.40 -30.0 -30.0 
-2.18  0.12 -30.0 -30.0  0.94  0.17  0.80  0.37  0.32  0.23
-1.06  0.11 -30.0 -30.0  0.04  0.43 -0.02  0.16 -0.21  0.11
-1.08  0.11 -0.12  0.21 -30.0 -30.0 -0.36  0.15 -0.62  0.12
-2.43  0.12 -30.0 -30.0 -30.0 -30.0  0.54  0.26  0.29  0.15
-1.29  0.11 -0.10  0.15  0.00  0.47  0.06  0.15 -0.10  0.11
-1.74  0.12  0.23  0.95 -0.24  0.43  0.31  0.19  0.43  0.15
-2.15  0.12  0.70  0.30 -30.0 -30.0  0.90  0.21  0.47  0.11
-1.41  0.11 -0.43  0.74  0.30  0.12  0.48  0.29  0.10  0.14
-1.24  0.11 -0.12  0.17 -0.52  0.22 -0.20  0.16 -0.40  0.10
-1.33  0.11  0.03  0.20  0.10  0.12 -0.10  0.18 -0.15  0.09
-1.33  0.12  0.04  0.41 -0.04  0.18 -0.07  0.19 -0.20  0.40
-1.33  0.13 -30.0 -30.0 -0.13  0.41  0.56  0.30 -0.26  0.34
-2.71  0.22 -30.0 -30.0  0.51  0.97  0.18  0.70  0.93  0.41
-1.02  0.12 -0.34  0.59 -0.11  0.59  0.24  0.34 -30.0 -30.0 
-1.93  0.12  0.49  0.42  0.37  0.31  0.51  0.28  0.36  0.10
-1.46  0.12 -30.0 -30.0  0.00  0.24 -0.10  0.17 -0.24  0.11
-1.63  0.11 -0.24  0.66  0.20  0.13  0.19  0.18  0.01  0.19
-1.98  0.12  0.33  0.26  0.58  0.17  0.78  0.21  0.10  0.15
-2.03  0.16 -30.0 -30.0  0.76  0.33  0.70  0.28 -30.0 -30.0 
-1.54  0.12 -30.0 -30.0  0.30  0.15 -0.05  0.14  0.12  0.15
-2.70  0.13 -30.0 -30.0 -30.0 -30.0  0.52  0.20 -0.07  0.56
-1.22  0.12 -0.44  0.90 -0.04  0.18 -0.44  0.30 -0.31  0.17
-1.59  0.11  0.10  0.27 -0.09  0.21 -30.0 -30.0 -0.02  0.11
-1.35  0.12 -0.34  0.65 -0.23  0.34  0.05  0.23 -0.14  0.14
-2.03  0.13  0.57  0.50  0.58  0.24  0.06  0.52  0.20  0.23
-1.58  0.12 -30.0 -30.0  0.24  0.31  0.19  0.18  0.28  0.15
-1.46  0.13  0.39  0.52  0.38  0.25  0.25  0.37 -30.0 -30.0 
-1.06  0.11 -0.29  0.27 -30.0 -30.0  0.61  0.24 -0.54  0.12
-1.92  0.13 -30.0 -30.0  0.38  0.46  0.39  0.23  0.41  0.18
-2.07  0.15 -30.0 -30.0  1.17  0.24  1.18  0.33  0.37  0.35
-1.08  0.15 -30.0 -30.0 -30.0 -30.0 -0.10  0.41  0.66  0.27
-1.67  0.14 -30.0 -30.0  0.33  0.35  0.76  0.32  0.29  0.14
-1.60  0.11 -30.0 -30.0 -0.08  0.16  0.29  0.20 -0.10  0.09
-1.36  0.11  0.19  0.18  0.10  0.11 -0.12  0.12 -0.10  0.08
-2.19  0.19 -30.0 -30.0  0.72  0.38 -0.06  0.67  0.81  0.28
-0.96  0.13 -0.21  0.32 -0.13  0.30  0.70  0.66 -0.62  0.45
-2.53  0.15 -30.0 -30.0 -30.0 -30.0  0.48  0.25  0.33  0.48
-1.13  0.11 -30.0 -30.0 -30.0 -30.0 -0.01  0.18 -0.40  0.10
-1.83  0.16  0.54  0.84  0.54  0.37 -0.03  0.55  0.23  0.39
-1.27  0.12 -0.04  0.46 -0.16  0.25  0.12  0.30 -0.04  0.16
-1.74  0.13 -30.0 -30.0 -0.16  0.49  0.36  0.30  0.26  0.23
-1.63  0.11  0.09  0.23 -0.02  0.15  0.08  0.14 -0.03  0.08
-1.99  0.13  0.77  0.51  0.56  0.27  0.25  0.18  0.35  0.22
-1.75  0.12 -0.20  0.46  0.15  0.22 -0.01  0.24 -0.58  0.39
-2.14  0.12  0.51  0.33  0.40  0.12  0.35  0.19  0.19  0.12
-1.90  0.12 -30.0 -30.0  0.66  0.15  0.19  0.39  0.32  0.14
-2.14  0.12  0.27  0.44  1.00  0.16 -0.42  0.26  0.09  0.17
-1.68  0.20  0.80  0.77 -30.0 -30.0  0.24  0.79 -30.0 -30.0 
-2.26  0.14  0.89  0.54  0.05  0.92  0.28  0.23  0.47  0.24
-1.42  0.12 -30.0 -30.0  0.06  0.25  0.09  0.27  0.01  0.16
-1.38  0.11 -0.13  0.33  0.00  0.16  0.06  0.16 -0.27  0.16
-2.36  0.13 -30.0 -30.0  0.76  0.23  0.59  0.27  0.20  0.40
-1.94  0.12  0.75  0.47 -0.32  0.52  0.36  0.48 -0.20  0.39
-1.69  0.15  0.61  0.56 -30.0 -30.0  0.33  0.53  0.38  0.33
-2.54  0.16 -30.0 -30.0  0.73  0.39  0.13  0.25  0.79  0.26
-1.33  0.14  0.91  0.30 -30.0 -30.0 -0.40  0.57 -30.0 -30.0 
-1.81  0.12  0.20  0.35  0.40  0.15  0.26  0.20  0.07  0.15
-1.30  0.14  0.33  0.70 -0.11  0.59  0.41  0.38 -0.14  0.41
-1.81  0.19 -30.0 -30.0 -30.0 -30.0 -0.41  0.73 -30.0 -30.0 
-1.66  0.11 -0.70  0.73  0.20  0.12  0.21  0.14 -0.11  0.10
-1.20  0.11 -0.10  0.35 -0.03  0.20 -0.10  0.17 -0.10  0.11
-1.35  0.13 -30.0 -30.0 -0.45  0.51  0.07  0.27 -30.0 -30.0 
-2.53  0.13  0.62  0.65  0.68  0.16  0.93  0.26  0.11  0.32
-1.75  0.12 -30.0 -30.0  0.32  0.44  0.57  0.27  0.08  0.15
-2.24  0.29  1.02  0.79 -30.0 -30.0  0.29  0.87 -30.0 -30.0 
-1.28  0.12 -0.15  0.40  0.00  0.12 -0.07  0.16 -0.36  0.15
-1.30  0.12 -0.01  0.27 -0.04  0.14 -0.30  0.20 -0.37  0.25
-2.12  0.13  0.88  0.37  0.78  0.21  0.11  0.31  0.50  0.13
-1.20  0.15 -30.0 -30.0  0.24  0.43 -0.13  0.97  0.51  0.30
-1.33  0.11 -0.10  0.19 -0.25  0.16 -0.04  0.14 -0.10  0.09
-2.55  0.12 -30.0 -30.0  1.18  0.17  0.55  0.46  0.64  0.38
-2.26  0.13 -30.0 -30.0 -0.06  0.75  0.55  0.20  0.30  0.32
-1.33  0.14 -0.30  0.56  0.01  0.31 -0.27  0.45 -0.26  0.50
-1.60  0.12 -30.0 -30.0 -0.11  0.30 -0.05  0.19  0.26  0.16
-1.38  0.12 -30.0 -30.0  0.19  0.17  0.41  0.21 -0.18  0.15
-1.34  0.11 -30.0 -30.0 -0.15  0.15 -0.24  0.19 -0.11  0.08
-1.46  0.12 -0.23  0.90  0.36  0.21  0.00  0.15 -0.15  0.21
-1.53  0.12 -30.0 -30.0  0.28  0.13  0.30  0.24  0.20  0.14
-1.54  0.11  0.38  0.24  0.15  0.15 -30.0 -30.0 -0.10  0.12
-2.78  0.12 -30.0 -30.0  0.60  0.27  0.33  0.16  0.01  0.36
-1.69  0.12 -30.0 -30.0  0.44  0.15  0.15  0.18 -0.18  0.17
-1.63  0.11  0.36  0.14  0.28  0.12  0.16  0.14  0.14  0.12
-1.24  0.13  0.51  0.41  0.20  0.57 -0.39  0.44  0.03  0.46
-1.84  0.12  0.40  0.40  0.50  0.20  0.33  0.27 -0.10  0.26
-1.80  0.11 -30.0 -30.0  0.09  0.17  0.19  0.14  0.09  0.10
-1.35  0.14 -30.0 -30.0 -0.46  0.96 -0.38  0.46  0.16  0.35
-1.50  0.12 -30.0 -30.0 -0.21  0.24 -0.06  0.19 -0.31  0.29
-2.00  0.11  0.35  0.26  0.28  0.12  0.36  0.18  0.10  0.09
-2.25  0.11  0.74  0.21 -30.0 -30.0  0.35  0.14  0.18  0.09
-1.76  0.14 -30.0 -30.0 -30.0 -30.0  0.74  0.35 -0.04  0.34
-0.98  0.11 -0.40  0.34 -30.0 -30.0  0.77  0.20 -0.50  0.18
-2.09  0.13 -30.0 -30.0  0.51  0.76  0.64  0.33 -0.16  0.46
-1.16  0.11 -0.15  0.32 -0.24  0.16  0.69  0.22 -0.23  0.10
-2.21  0.12 -30.0 -30.0 -30.0 -30.0  0.36  0.22 -0.32  0.50
-1.34  0.11  0.10  0.13  0.09  0.16  0.12  0.18  0.10  0.10
-1.79  0.11  0.32  0.15  0.31  0.12  0.11  0.16  0.06  0.08
-2.53  0.15 -30.0 -30.0  0.68  0.25  0.63  0.23 -30.0 -30.0 
-2.13  0.12  0.64  0.41  0.44  0.21  0.24  0.17  0.07  0.21
-2.31  0.17  0.79  0.83  1.14  0.27  0.20  0.32 -30.0 -30.0 
-1.59  0.11 -0.04  0.19  0.10  0.11  0.00  0.13 -0.22  0.10
-2.20  0.12  1.10  0.16  0.05  0.45  0.18  0.13  0.00  0.48
-2.39  0.12 -30.0 -30.0  0.69  0.20  0.09  0.15 -0.03  0.39
-1.46  0.11  0.01  0.28 -0.28  0.18  0.33  0.21  0.00  0.09
-1.13  0.12 -30.0 -30.0  0.15  0.20  0.12  0.29 -30.0 -30.0 
-2.48  0.18 -30.0 -30.0  0.79  0.47 -30.0 -30.0  0.80  0.86
-2.16  0.12 -30.0 -30.0 -30.0 -30.0  0.47  0.22 -0.05  0.39
-2.03  0.28 -30.0 -30.0  0.71  0.95  0.08  0.86 -30.0 -30.0 
-1.42  0.13 -30.0 -30.0  0.76  0.22  0.41  0.26  0.38  0.11
-1.38  0.11 -0.08  0.36  0.13  0.17  0.02  0.17 -0.23  0.15
-2.14  0.11  0.34  0.33 -0.23  0.38  0.39  0.15  0.06  0.10
-1.04  0.12  0.27  0.32 -0.33  0.15 -0.26  0.29 -30.0 -30.0 
-1.74  0.11  0.16  0.23  0.10  0.17  0.41  0.17  0.00  0.09
-1.39  0.18 -30.0 -30.0  0.10  0.66 -30.0 -30.0 -30.0 -30.0 
-1.52  0.14 -30.0 -30.0 -30.0 -30.0  0.75  0.44 -0.30  0.60
-1.24  0.11  0.08  0.19 -0.29  0.16 -0.15  0.17 -0.20  0.14
-1.52  0.12  0.20  0.44  0.30  0.17  0.20  0.23 -0.21  0.18
-1.84  0.12 -30.0 -30.0 -0.27  0.66  0.37  0.30 -0.10  0.27
-2.46  0.11  0.69  0.16  0.62  0.18  0.54  0.16  0.20  0.13
-1.44  0.11 -0.27  0.28 -30.0 -30.0 -0.15  0.18 -0.64  0.10
-1.29  0.11 -0.11  0.57 -30.0 -30.0 -0.37  0.23 -0.22  0.09
-1.49  0.13 -30.0 -30.0 -30.0 -30.0 -0.37  0.62 -0.40  0.54
-1.24  0.12  0.02  0.28 -30.0 -30.0 -0.11  0.27 -0.50  0.20
-2.13  0.19  1.12  0.46  0.80  0.33 -30.0 -30.0 -30.0 -30.0 
-1.77  0.11  0.07  0.24  0.02  0.14  0.06  0.13 -0.10  0.18
-1.54  0.12 -30.0 -30.0  0.32  0.19  0.49  0.33 -0.20  0.20
