-2.97 0.55 0.06 -0.07 0.29 0.10 0.36 -0.12 -0.55 0.28 -0.03 0.54
-3.05 0.45 0.29 0.31 0.37 0.44 0.38 -0.24 -0.64 0.40 0.04 0.28
-2.92 0.40 0.08 0.04 0.29 0.29 0.45 -0.23 -0.76 0.31 -0.07 0.41
-3.10 0.38 0.22 0.15 0.27 0.21 0.27 -0.22 -0.57 0.37 0.02 0.37
-3.30 0.38 0.23 0.31 0.31 0.28 0.39 -0.28 -0.74 0.57 0.08 -30.0
-3.30 -30.0 0.05 -0.13 0.30 0.35 0.49 -0.21 -0.69 0.50 -0.01 0.82
-2.89 0.37 0.36 -0.01 0.24 0.35 0.26 -0.32 -0.78 0.39 0.04 0.39
-3.04 0.62 0.25 -0.02 0.47 0.16 0.44 -0.16 -0.51 0.44 0.03 0.67
-3.07 0.45 0.21 0.27 0.32 0.21 0.38 -0.23 -0.70 0.48 0.08 0.50
-2.70 0.38 0.19 0.00 0.28 0.10 0.50 0.01 -0.28 0.36 0.19 0.73
-2.91 0.49 0.28 0.17 0.49 0.36 0.52 -0.12 -0.59 0.39 0.04 0.71
-2.83 0.41 0.27 0.17 0.46 0.27 0.47 -0.16 -0.62 0.45 0.04 0.66
-2.77 -30.0 0.06 -30.0 0.40 -30.0 -30.0 -0.18 -30.0 -30.0 0.04 0.33
-3.20 -30.0 0.19 0.01 0.40 0.41 0.49 -0.20 -0.64 0.57 0.07 0.68
-3.55 1.18 0.43 0.15 0.36 0.26 0.35 -0.21 -0.66 0.70 -0.09 0.98
-2.75 0.23 0.28 0.17 0.45 0.20 0.45 -0.16 -0.59 0.30 0.02 0.55
-3.08 0.56 0.18 -0.12 0.43 0.17 0.38 -0.24 -0.71 0.33 -0.01 0.47
-2.58 0.56 0.22 0.14 0.40 0.31 0.45 -0.10 -0.51 0.38 0.03 0.40
-3.81 0.34 0.58 0.31 0.39 0.42 0.34 -0.41 -0.93 0.39 -0.05 -30.0
