-2.69 -2.62 -2.56 -2.39 -2.11 -0.23 -0.45
-1.89 -1.93 -1.84 -1.27 -1.22 -0.66 -0.62
-2.34 -2.30 -2.22 -1.99 -1.81 -0.31 -0.41
-2.03 -2.07 -1.97 -1.55 -1.47 -0.52 -0.50
-2.03 -2.03 -1.94 -1.47 -1.40 -0.56 -0.54
-2.29 -2.25 -2.17 -1.83 -1.73 -0.42 -0.44
-1.46 -1.40 -1.29 -0.84 -0.77 -0.56 -0.52
-2.19 -2.11 -2.01 -1.63 -1.51 -0.48 -0.50
-1.62 -1.97 -1.87 -1.30 -1.24 -0.67 -0.63
-1.69 -1.84 -1.75 -1.16 -1.11 -0.68 -0.64
-1.29 -1.66 -1.53 -1.09 -1.03 -0.57 -0.50
-3.24 -3.17 -3.09 -3.10 -2.71 -0.07 -0.38
-3.08 -3.13 -3.05 -3.12 -2.70 -0.01 -0.35
-1.48 -1.76 -1.66 -1.03 -0.96 -0.73 -0.70
-1.55 -1.72 -1.62 -1.04 -0.98 -0.68 -0.64
-2.54 -2.56 -2.49 -2.47 -2.20 -0.09 -0.29
-1.37 -1.28 -1.14 -0.82 -0.75 -0.46 -0.39
-1.71 -1.73 -1.63 -1.11 -1.04 -0.62 -0.59
-1.59 -1.65 -1.54 -0.99 -0.94 -0.66 -0.60
-2.38 -2.40 -2.32 -1.91 -1.81 -0.49 -0.51
-1.75 -1.97 -1.87 -1.47 -1.42 -0.50 -0.45
-1.12 -1.11 -0.98 -0.51 -0.45 -0.60 -0.53
-1.87 -1.84 -1.74 -1.24 -1.18 -0.60 -0.56
-1.72 -1.81 -1.72 -1.18 -1.12 -0.63 -0.60
-1.10 -1.19 -1.06 -0.65 -0.58 -0.54 -0.48
-1.15 -1.22 -1.11 -0.75 -0.68 -0.47 -0.43
-2.28 -2.37 -2.29 -1.72 -1.61 -0.65 -0.68
-2.71 -2.63 -2.56 -2.70 -2.36 0.07 -0.20
-3.21 -2.91 -2.84 -3.25 -2.87 0.34 0.03
-2.38 -2.40 -2.33 -2.04 -1.86 -0.36 -0.47
-2.24 -2.13 -2.05 -1.66 -1.52 -0.47 -0.53
-2.45 -2.44 -2.36 -1.96 -1.75 -0.48 -0.61
-2.60 -2.70 -2.64 -2.48 -2.18 -0.22 -0.46
-1.93 -1.84 -1.74 -1.24 -1.18 -0.60 -0.56
-2.21 -2.26 -2.18 -1.83 -1.69 -0.43 -0.49
-2.58 -2.72 -2.64 -2.33 -2.05 -0.39 -0.59
-2.11 -2.15 -2.07 -1.64 -1.56 -0.51 -0.51
-2.26 -2.25 -2.17 -1.77 -1.63 -0.48 -0.54
-2.39 -2.33 -2.25 -2.03 -1.85 -0.30 -0.40
-2.63 -2.99 -2.58 -2.21 -1.93 -0.44 -0.65
-2.66 -2.85 -2.76 -2.54 -2.25 -0.31 -0.51
-2.61 -2.66 -2.59 -2.50 -2.20 -0.16 -0.39
-2.62 -2.72 -2.63 -2.33 -2.08 -0.39 -0.55
-2.93 -3.01 -2.93 -2.95 -2.54 -30.0 -30.0
