[Star/Star]   [Fe/H] [C/Fe] [N/Fe] [O/Fe] [Na/Fe] [Mg/Fe] [Al/Fe] [Si/Fe] [S/Fe] [K/Fe] [Ca/Fe] [Sc/Fe] [Ti/Fe] [V/Fe] [Cr/Fe] [Mn/Fe] [Co/Fe] [Ni/Fe] [Cu/Fe] [Zn/Fe] [Sr/Fe] [Y/Fe] [Ba/Fe] [Zr/Fe] [Ce/Fe] [Nd/Fe] [Eu/Fe]
    70        -0.35   0.21  -30.0  0.29  0.02 -0.02  0.08  0.08   0.10  0.12  0.08  0.08  0.01 -0.05  0.01 -0.08  0.02 -0.02 -0.03  0.11 -0.12 -0.05 -30.0 -0.10  0.03 -30.0  0.08
   101        -0.29   0.19  -30.0  0.24  0.01  0.01  0.04  0.05   0.12  0.11  0.02  0.06 -0.01 -0.06 -0.02 -0.13  0.01 -0.02 -0.11  0.10 -0.01  0.08  0.00  0.01  0.05  0.07 -30.0
   153        -0.11   0.28   0.42  0.40  0.11  0.06  0.15  0.11   0.21  0.21  0.00  0.00 -0.03 -0.04  0.01 -0.07  0.00  0.01 -0.03  0.05 -0.02  0.00 -0.03 -0.19 -0.16 -0.10  0.01
   330        -0.27   0.33   0.32  0.35  0.05  0.07  0.09  0.07   0.12  0.18  0.02  0.00 -0.03 -0.07 -0.03 -0.15 -0.03 -0.03 -0.07  0.08 -0.02 -0.01  0.01 -0.13 -0.07 -0.01  0.00
   912        -0.26   0.15  -30.0  0.43  0.08  0.09  0.08  0.08   0.16  0.34  0.06 -0.03  0.04 -0.05 -0.02 -0.17 -0.08 -0.03 -0.14  0.00  0.10  0.07  0.04  0.02  0.00 -0.06  0.01
  2663        -0.41   0.20  -30.0  0.30  0.05  0.07  0.04  0.04   0.12  0.22  0.04  0.01  0.00 -0.05 -0.05 -0.18 -0.04 -0.03 -0.13  0.07  0.02  0.01 -30.0 -0.01 -0.01  0.10 -30.0
  3079        -0.19   0.20   0.43  0.27  0.01 -0.03  0.04  0.03   0.15  0.12 -0.01  0.02 -0.05 -0.03 -0.06 -0.13 -0.04 -0.05 -0.12  0.06 -0.02 -0.01  0.02 -0.09 -0.05  0.03 -0.06
  3440        -0.36   0.33   0.25  0.33  0.03  0.10  0.11  0.06   0.15  0.21  0.03  0.06  0.03 -0.03 -0.03 -0.06 -0.03 -0.03 -0.04  0.08 -0.11 -0.05 -30.0 -0.16 -0.08  0.03 -0.02
  3454        -0.58   0.22  -30.0  0.36  0.10  0.11  0.07  0.07   0.11  0.28  0.05  0.05  0.04  0.04 -0.04 -0.13 -0.05 -0.03 -0.13  0.08  0.04 -0.06 -0.02 -0.05 -0.05 -30.0  0.21
  3532        -0.35   0.14  -30.0  0.37  0.05  0.11  0.04  0.07   0.06  0.32  0.08  0.04  0.03  0.06 -0.02 -0.18  0.00 -0.05 -0.15  0.13  0.08  0.01  0.01  0.06  0.09 -30.0  0.04
  3894        -0.38   0.05  -30.0  0.18  0.03  0.09  0.18  0.03  -0.05  0.26  0.06  0.01  0.09 -0.01  0.01 -0.20 -0.06 -0.05 -0.15 -0.02  0.03 -0.04 -0.08 -0.04  0.06 -30.0 -30.0
  5065        -0.18   0.19   0.28  0.30 -0.02  0.06  0.14  0.06   0.08  0.17  0.03  0.08  0.02 -0.05 -0.02 -0.16  0.00 -0.01 -0.07  0.06 -0.02 -0.01 -0.02 -0.10  0.04  0.03  0.16
  5494        -0.17   0.22  -30.0  0.35  0.16 -0.07  0.05  0.11   0.16  0.20  0.02 -0.12 -30.0  0.06 -0.08 -0.02 -30.0  0.00 -30.0 -0.03 -30.0 -30.0 -30.0 -0.08 -30.0 -30.0 -30.0
  5750        -0.39   0.07  -30.0  0.20  0.08  0.01  0.06  0.08  -0.10 -30.0  0.07 -0.19  0.06 -30.0  0.03 -0.27 -30.0 -0.05 -30.0 -0.05 -30.0 -0.18 -30.0 -0.06 -0.02 -30.0 -30.0
  6250        -0.15   0.09   0.15  0.21  0.00  0.05  0.03  0.02   0.03 -30.0  0.01 -0.04  0.00 -0.05 -0.03 -0.13 -0.07 -0.05 -0.15  0.01  0.06  0.03 -0.06  0.03 -0.03 -30.0  0.07
  6312        -0.32   0.24  -30.0  0.28  0.02  0.00  0.07  0.04   0.04  0.05  0.03  0.07 -0.02 -0.07 -0.03 -0.12  0.04 -0.02 -0.06  0.00 -0.07 -0.02  0.03 -0.07  0.00  0.05  0.09
  6834        -0.69  -30.0  -30.0  0.39 -30.0 -30.0  0.08  0.16   0.16 -30.0  0.08  0.01  0.02 -30.0 -30.0 -0.21 -30.0 -0.02 -0.15 -0.04 -30.0 -0.12 -30.0  0.01 -30.0 -30.0 -30.0
  6840        -0.43   0.10  -30.0  0.33  0.15  0.11  0.16  0.09   0.04  0.32  0.06 -0.07  0.07 -0.01  0.02 -0.14  0.02  0.01 -0.06  0.03  0.04 -0.11 -0.10 -0.13 -0.11 -0.04 -30.0
  7228        -0.12   0.16  -30.0  0.25  0.02  0.01  0.13  0.05   0.08  0.25  0.03 -0.10  0.07  0.00  0.01 -0.12  0.01 -0.01 -0.32  0.05 -0.03 -0.04  0.11  0.02 -0.05 -30.0 -30.0
  8671        -0.16   0.04   0.04  0.26  0.05  0.03  0.06  0.01   0.03  0.46  0.01 -0.01  0.03  0.01 -0.02 -0.16 -0.06 -0.04 -0.12  0.04 -30.0  0.08  0.13  0.22 -0.04  0.06  0.03
  9091        -0.35   0.13  -30.0  0.31 -0.02  0.10  0.12  0.03   0.11  0.20  0.04  0.04  0.03 -0.04 -0.05 -0.17 -0.04 -0.04 -0.07  0.06 -0.08 -0.08 -0.07 -0.11 -0.06  0.06  0.00
  9670        -0.28   0.09   0.26  0.21  0.05  0.11  0.02  0.04   0.05  0.23  0.03  0.03  0.04 -0.02 -0.01 -0.12 -0.02 -0.02 -0.07  0.05  0.03  0.01 -0.07  0.06 -0.03  0.02  0.13
 11007        -0.31   0.08  -30.0  0.22  0.03  0.05  0.11  0.02   0.08  0.21  0.01  0.00  0.01 -0.06 -0.03 -0.16 -0.02  0.00 -0.05  0.08 -0.04 -0.05 -0.07 -0.02 -0.06 -0.02  0.16
 11045        -0.39   0.30  -30.0  0.46  0.08  0.19  0.25  0.14   0.24  0.19  0.09  0.12  0.15  0.00 -0.03 -0.22  0.05 -0.01  0.01  0.20 -0.07 -0.07 -30.0 -0.31 -0.06 -30.0  0.14
 11592        -0.29  -0.01   0.25  0.24  0.02  0.03  0.00  0.02   0.02  0.32  0.01 -0.05  0.05  0.02 -0.05 -0.21  0.03 -0.06 -0.23 -0.02  0.02 -0.05  0.00  0.09  0.03 -30.0 -30.0
 14877        -0.42   0.15  -30.0  0.30  0.06  0.09  0.08  0.06  -0.02  0.25  0.02 -0.14  0.02 -0.04 -0.04 -0.16 -0.01 -0.02 -0.11  0.01  0.00 -0.14 -0.09 -0.19 -0.13 -30.0 -0.03
 15029        -0.31  -0.10   0.24  0.21  0.07  0.05  0.08  0.03  -0.01  0.38  0.04 -0.12  0.07  0.02 -0.02 -0.18  0.02 -0.04 -0.12  0.07  0.03 -0.12 -0.03 -0.04 -0.03 -30.0 -30.0
 15398        -0.01  -0.19   0.06  0.24 -0.02  0.02  0.11  0.03   0.01 -30.0  0.06 -0.12  0.03  0.00 -0.02 -0.12  0.00 -0.02 -0.15 -0.02 -30.0  0.04  0.08  0.12  0.04 -30.0 -0.03
 16067        -0.12   0.14  -30.0  0.35  0.04  0.06  0.15  0.08   0.14  0.24  0.06 -0.03 -0.01 -0.07  0.01 -0.13 -0.03  0.00 -0.11 -0.05  0.06  0.06  0.05 -0.04 -0.09 -0.06  0.02
 20427        -0.52   0.21  -30.0  0.40  0.12  0.12  0.10  0.13   0.05 -30.0  0.06 -0.06  0.06  0.02 -0.01 -0.24  0.11 -0.03 -0.06  0.08  0.01 -0.06  0.07 -0.08  0.01 -30.0 -0.09
 20717        -0.33   0.06  -30.0  0.22  0.06  0.06  0.02  0.06  -0.03 -30.0  0.02 -0.01  0.03  0.01 -0.03 -0.20  0.05 -0.04 -0.18 -0.04  0.05 -0.04 -0.08  0.18  0.03 -30.0 -30.0
 21922        -0.48   0.27  -30.0  0.41  0.07  0.14  0.16  0.07   0.16  0.29 -0.02  0.05  0.04 -0.03 -0.07 -0.18 -0.02 -0.02 -0.03  0.19  0.25  0.23  0.18  0.33  0.34  0.17 -30.0
 22255        -0.28   0.13  -30.0  0.27  0.06  0.10  0.09  0.06   0.07  0.22  0.02  0.05  0.02 -0.05  0.03 -0.19  0.00  0.00 -30.0  0.09 -30.0  0.06 -30.0  0.15 -30.0 -30.0  0.08
 22521        -0.25   0.19  -30.0  0.28  0.06  0.09  0.11  0.04   0.18  0.43  0.09  0.11  0.06  0.02  0.04 -0.15  0.07  0.05 -0.04  0.09 -0.06 -0.03 -0.02 -0.03  0.03  0.01  0.17
 22718        -0.19   0.18  -30.0  0.34  0.06  0.09  0.15  0.06   0.21  0.37  0.03  0.05  0.00 -0.04 -0.02 -30.0  0.01 -0.01 -0.01  0.03 -0.06 -0.05 -0.05 -0.13 -0.14 -0.03 -0.01
 23438        -0.36   0.21  -30.0  0.34  0.03  0.07  0.11  0.07   0.17 -30.0 -30.0 -30.0 -30.0  0.00 -30.0 -30.0 -30.0 -30.0 -0.07 -30.0 -0.09 -0.10 -0.07 -0.14 -0.07 -0.04  0.14
 24421        -0.38   0.05  -30.0  0.31  0.02  0.04  0.09  0.03   0.03  0.26  0.01  0.02  0.02 -0.02 -0.05 -30.0  0.04 -0.02 -0.09 -0.04 -0.06 -0.07 -0.07 -0.06 -0.10  0.04  0.09
 26421        -0.39   0.25  -30.0  0.36  0.01  0.12  0.16  0.07   0.10  0.47  0.06  0.01  0.04 -0.04 -0.01 -0.18 -0.03 -0.04 -0.09  0.03 -0.10 -0.16 -0.18 -0.19 -0.10  0.03  0.08
 27816        -0.54   0.10  -30.0  0.29  0.12  0.14  0.12  0.07 -30.0   0.38  0.10 -0.04  0.10  0.01 -0.03 -30.0  0.01 -0.01 -0.06  0.00  0.01 -0.15 -30.0 -0.07 -0.09 -30.0  0.07
 36066        -0.01   0.05   0.08  0.17 -0.01  0.11  0.05  0.02   0.06  0.14 -0.01  0.04 -0.01 -0.06  0.00 -0.10 -0.02 -30.0 -0.05 -0.03  0.03 -0.01  0.00  0.00 -0.05 -0.03  0.03
 36667        -0.45   0.34  -30.0  0.39  0.09  0.14  0.13  0.10   0.20  0.25  0.05  0.11  0.03 -0.04 -0.01 -0.16  0.01 -0.02 -0.05  0.14  0.33  0.38  0.33  0.47  0.26  0.40  0.14
 36909        -0.22   0.22  -30.0  0.30  0.00 -0.06  0.02  0.04   0.23  0.13 -0.01 -0.05 -0.07 -0.10 -0.06 -0.14 -0.11 -0.06 -0.16  0.01  0.00  0.09  0.01  0.11  0.08 -0.06 -30.0
 41640        -0.56   0.11  -30.0  0.26  0.09  0.10  0.09  0.06   0.10  0.23  0.03  0.01  0.04  0.00 -0.01 -0.21 -0.06 -0.03 -0.10  0.03 -0.04 -0.05 -0.09  0.02  0.08 -0.04 -30.0
 42618        -0.16   0.13  -30.0  0.18 -0.04 -0.07  0.00  0.01   0.12 -0.06 -0.02  0.11 -0.04 -0.05 -0.04 -0.07 -0.03 -0.02 -0.03  0.09 -0.10  0.10 -30.0  0.05  0.10  0.12 -30.0
 45067        -0.12   0.08   0.15  0.19  0.00  0.07  0.08  0.03   0.10  0.20 -0.01 -30.0  0.00 -0.07 -0.01 -0.08 -0.04 -0.02 -0.07  0.03  0.02 -0.06 -0.02 -0.05 -0.06 -0.02 -0.03
 52711        -0.20   0.16   0.21  0.25 -0.01  0.06  0.07  0.04   0.18  0.07 -0.02  0.09 -0.02 -0.06 -0.03 -0.06 -0.01 -0.01 -0.06  0.08 -0.01  0.05  0.07  0.02  0.07  0.12  0.08
 54182        -0.24   0.24   0.25  0.42  0.05  0.07  0.09  0.08   0.26  0.25  0.01  0.07 -0.02 -0.10 -0.02 -0.14 -0.05 -0.01 -0.10  0.09  0.01  0.06  0.11  0.04 -0.05  0.08 -30.0
 59360        -0.21   0.17  -30.0  0.34 -0.09  0.06  0.09  0.05   0.18  0.07  0.00  0.06 -0.02 -0.10 -0.04 -0.15 -0.04 -0.04 -0.10  0.05 -0.13 -0.06 -0.01 -0.07 -0.02  0.07  0.07
 63332         0.04  -0.01   0.04  0.17 -0.11  0.07  0.07  0.02  -0.01  0.14  0.01 -0.13 -0.04  0.14  0.00 -0.15 -0.12 -0.05 -0.27 -0.08 -30.0  0.08 -30.0  0.08 -0.01 -30.0 -30.0
 63333        -0.38   0.15   0.27  0.32  0.08  0.05  0.03  0.05   0.13  0.32  0.08  0.00  0.02 -0.02 -0.02 -0.19 -0.01 -0.02 -0.11  0.05  0.01 -0.02 -0.07  0.04 -0.04 -0.01  0.05
 69897        -0.25   0.04   0.17  0.20  0.04  0.10  0.00  0.05   0.00  0.31  0.00  0.00  0.03 -0.03  0.00 -0.14 -0.05 -0.04 -0.14  0.01  0.08  0.03 -30.0  0.16  0.03  0.06  0.05
 71148        -0.08   0.10   0.22  0.15 -0.02  0.04  0.03  0.01   0.14 -30.0 -0.03 -0.03 -0.02 -0.09 -0.01 -0.02 -0.03 -0.06 -0.04 -0.03 -0.03  0.00 -30.0 -0.14 -0.05 -30.0  0.01
 73400        -0.21   0.04  -30.0  0.21  0.00  0.10  0.13  0.04   0.00  0.28  0.08  0.06  0.11  0.06 -0.04 -0.15 -0.07 -0.03 -0.12 -0.03 -30.0  0.06 -0.04  0.09  0.04 -30.0  0.16
 76272        -0.42   0.18  -30.0  0.33  0.06  0.09  0.09  0.07   0.12  0.26  0.04  0.08  0.06  0.02 -0.02 -0.15  0.00 -0.01 -0.11  0.12  0.00 -0.04 -30.0 -0.05 -0.07 -0.01 -30.0
 76349        -0.44   0.13  -30.0  0.28  0.07  0.08  0.06  0.05   0.10  0.26  0.00  0.03  0.02 -0.06 -0.02 -0.14 -0.05 -0.02 -0.08  0.09 -0.05 -0.08 -0.09 -0.04 -0.10 -30.0 -30.0
 77134        -0.29   0.11  -30.0  0.21 -0.04  0.06  0.00  0.03   0.12  0.08  0.00 -0.06  0.00 -0.05 -0.04 -0.18 -0.06 -0.06 -0.15 -0.04  0.06  0.09 -30.0  0.13  0.13 -30.0 -30.0
 77408        -0.23   0.00  -30.0  0.14  0.01  0.11  0.11  0.02  -0.02  0.28  0.02 -0.02 -0.02 -0.03  0.00 -0.19 -0.04 -0.04 -0.15 -0.05 -0.55 -30.0 -30.0  0.05  0.01 -30.0 -30.0
 80218        -0.28   0.21   0.44  0.38  0.01  0.11  0.06  0.09   0.08  0.33  0.04  0.04  0.04 -0.06 -0.04 -0.20 -0.02 -0.03 -0.06  0.08  0.33  0.26  0.16  0.00 -0.07  0.04  0.05
 85902        -0.53   0.25  -30.0  0.36  0.07  0.06  0.10  0.03   0.25  0.11  0.03  0.04 -0.01 -0.04 -0.02 -0.06 -0.04 -0.03 -0.05  0.21 -0.03  0.00 -0.06 -0.04  0.11  0.08 -30.0
 86560        -0.41   0.24  -30.0  0.33  0.03  0.09  0.08  0.04   0.17 -30.0  0.03  0.07  0.01 -0.01 -0.01 -0.18 -0.03 -0.02 -0.05  0.11 -0.12 -0.09 -30.0 -0.11 -0.13  0.06 -30.0
 86884        -0.28   0.10  -30.0  0.27  0.05  0.08  0.11  0.04   0.04  0.30  0.02 -30.0  0.04 -0.02 -0.01 -0.13 -0.02 -0.02 -0.07  0.06  0.06 -0.01  0.08  0.01 -0.02  0.00  0.12
 87838        -0.43  -0.04  -30.0  0.22  0.04  0.14  0.07  0.08   0.02  0.24  0.02  0.05  0.05 -0.04  0.00 -0.19  0.02 -0.02 -0.08  0.07 -0.05 -0.08  0.01 -0.05 -0.08 -0.01  0.21
 88446        -0.35   0.34  -30.0  0.41  0.06  0.15  0.12  0.09   0.14  0.32  0.07  0.12  0.10  0.00 -0.04 -0.22  0.01 -0.01 -0.06  0.10  0.57  0.58  0.65  0.66  0.58  0.69  0.24
 89010        -0.06   0.23   0.44  0.29  0.07  0.04  0.13  0.08   0.18  0.03 -0.05  0.02 -0.04 -0.07 -0.03 -0.08  0.03  0.02  0.04  0.13 -0.10  0.02  0.07 -0.07  0.04  0.01  0.15
 90878        -0.24   0.02  -30.0  0.39  0.10  0.06  0.02  0.05   0.01  0.47  0.03 -0.12  0.07  0.14  0.03 -0.13  0.04 -0.06 -0.18 -0.01 -0.52 -30.0 -30.0  0.22  0.10 -30.0 -30.0
 91638        -0.25   0.01  -30.0  0.22  0.02  0.09  0.01  0.01  -0.02  0.31 -0.04  0.03  0.03 -0.04 -0.05 -0.12 -0.05 -0.03 -0.12  0.05  0.03 -0.01 -0.12  0.00 -0.03 -30.0  0.13
 94012        -0.47   0.19  -30.0  0.33  0.08  0.05  0.08  0.04   0.16  0.26  0.07  0.10  0.04 -0.03 -0.03 -0.13  0.01 -0.02 -0.09  0.09 -0.06  0.01 -0.02  0.03  0.11 -0.07 -30.0
 94835         0.05   0.17   0.32  0.19  0.00  0.01  0.06  0.07   0.16  0.02 -0.05  0.12 -0.05 -0.08 -0.03 -0.05  0.00  0.02  0.00  0.10  0.00  0.15  0.05  0.04  0.08  0.02 -30.0
 97037        -0.14   0.07   0.18  0.17 -0.02  0.06  0.08  0.02   0.10  0.11 -0.01  0.06  0.00 -0.04 -0.02 -0.09 -0.02 -0.02 -0.03  0.09 -0.14 -0.02 -30.0 -0.09 -0.02  0.03  0.09
 99126        -0.15   0.12   0.30  0.22 -0.01  0.11  0.12  0.05   0.05 -30.0 -0.04 -0.09  0.01 -0.13  0.00 -0.13 -0.04  0.00 -0.13  0.01 -30.0  0.00 -0.08  0.00  0.01 -30.0  0.12
 99233        -0.62   0.21  -30.0  0.38 -0.01  0.10  0.15  0.08   0.12  0.16  0.05  0.07  0.09 -0.01 -0.03 -0.18  0.00 -0.02 -0.09 -0.03 -0.10 -0.13  0.01 -0.12 -0.06 -0.05 -30.0
 99984        -0.35   0.10  -30.0  0.32  0.06  0.05  0.13  0.05   0.10  0.50  0.06 -0.05  0.08  0.06  0.04 -0.14 -0.08 -0.02 -0.11 -0.01  0.11  0.04 -0.02  0.12 -0.08  0.10 -30.0
100067        -0.31   0.05   0.17  0.20  0.05  0.07  0.06  0.04  -0.04  0.26  0.00  0.05  0.04 -0.02 -0.03 -0.21 -0.04 -0.03 -0.15  0.08  0.04  0.00  0.07  0.05 -0.01 -30.0  0.18
100446        -0.45   0.18  -30.0  0.29  0.09  0.11  0.13  0.02   0.08  0.29  0.07  0.03  0.04 -0.02 -0.06 -0.15 -0.01 -0.02 -0.06  0.08 -30.0  0.03 -0.04  0.08 -0.02  0.10 -30.0
101472        -0.15   0.16  -30.0  0.26 -0.12 -0.02 -0.04  0.00   0.10  0.16 -0.04 -0.05 -0.02 -0.06  0.03 -0.13 -0.10 -0.06 -0.21 -0.02  0.13  0.12  0.08  0.23  0.03 -30.0 -0.02
101676        -0.46   0.22  -30.0  0.34  0.09  0.17  0.15  0.09   0.08  0.37  0.04  0.08  0.06  0.01 -0.01 -0.17  0.03  0.00 -0.05  0.08  0.01  0.00  0.18  0.03  0.08  0.07  0.09
101716        -0.18   0.19  -30.0  0.38  0.05  0.13  0.10  0.07   0.19  0.40  0.04 -0.01  0.01 -0.07  0.00 -0.11 -0.02 -0.02 -0.07  0.05  0.07  0.09 -30.0  0.12  0.12 -30.0 -0.03
102080        -0.36   0.14  -30.0  0.22  0.05  0.05  0.10  0.04   0.09  0.28  0.03  0.02  0.02  0.05 -0.02 -0.11 -0.02  0.01 -0.05  0.08  0.07 -0.04 -0.08 -0.05 -0.09  0.02  0.04
102618        -0.31   0.18  -30.0  0.34  0.04  0.05  0.08  0.05   0.12  0.33  0.03  0.03  0.02 -0.10 -0.02 -0.14 -0.03 -0.02 -0.06  0.15 -0.03 -0.05 -0.02 -0.02 -0.08 -30.0 -30.0
103891        -0.25   0.04  -30.0  0.19  0.07  0.06  0.08  0.04   0.06  0.41  0.05 -0.01  0.05  0.00  0.03 -0.14 -0.05 -0.01 -0.09  0.00  0.09 -0.01  0.08  0.00 -0.03  0.09  0.07
106510        -0.46   0.14  -30.0  0.30  0.03  0.10  0.10  0.07   0.19  0.12  0.03  0.12  0.06 -0.02 -0.01 -0.15  0.01 -0.01 -0.03  0.09 -0.11  0.00 -30.0 -0.09  0.07  0.16  0.09
107038        -0.39   0.11  -30.0  0.18  0.08  0.09  0.08  0.06   0.05  0.33  0.05  0.01  0.05  0.98 -0.03 -0.15 -0.05 -0.01 -0.07  0.02 -0.05 -0.08 -0.14 -0.04 -0.09 -0.02  0.06
108134        -0.38   0.23  -30.0  0.32  0.03  0.03  0.13  0.06   0.21  0.11  0.05  0.05 -0.01 -0.06 -0.04 -0.11  0.00 -0.02 -0.08  0.03 -0.07 -0.10 -0.03 -0.15 -0.09 -0.04 -0.06
109154        -0.42   0.23  -30.0  0.43  0.11  0.07 -0.04  0.10   0.13  0.39  0.08  0.03  0.08  0.03 -0.04 -0.20 -0.06  0.00 -0.11  0.02  0.38  0.09  0.29  0.06 -0.03  0.09  0.15
109303        -0.44   0.32  -30.0  0.55  0.11  0.07  0.11  0.08   0.14  0.34  0.04  0.11  0.01 -0.07 -0.05 -0.20 -0.06 -0.03 -0.14  0.07  0.05  0.11  0.19  0.20 -0.07  0.12  0.23
110989        -0.48   0.22  -30.0  0.59  0.16  0.33  0.31  0.23   0.20  0.50  0.18  0.08  0.26  0.04 -0.02 -0.28  0.15  0.04 -0.06  0.24  0.10 -0.11 -0.01 -0.28 -0.18 -30.0 -30.0
112756        -0.35   0.12   0.58  0.22  0.00  0.10  0.04  0.04  -0.01  0.15  0.01  0.05  0.06 -0.03 -0.04 -0.17 -0.04 -0.06 -0.15  0.02  0.02  0.07 -30.0  0.08  0.09  0.23  0.24
112887        -0.32  -0.02  -30.0  0.34  0.10  0.11  0.01  0.06  -0.02 -30.0  0.11  0.03  0.15  0.08 -0.01 -0.15  0.08 -0.04 -0.20  0.02 -30.0  0.12  0.07  0.30  0.19  0.09  0.14
118687        -0.45   0.25  -30.0  0.34  0.08  0.08  0.12  0.07   0.16  0.25  0.01  0.12  0.02 -0.05 -0.03 -0.14  0.00 -0.01 -0.08  0.03  0.09  0.21  0.11  0.20  0.15 -30.0 -30.0
121560        -0.38   0.07  -30.0  0.25  0.04  0.04  0.04  0.00   0.04  0.22  0.04  0.06  0.00 -0.04 -0.06 -0.17 -0.06 -0.04 -0.10  0.06  0.04  0.14 -0.02  0.01  0.05  0.09 -30.0
124819        -0.28   0.13  -30.0  0.36  0.03 -0.03  0.05  0.06   0.11  0.17  0.04 -30.0 -0.01 -0.05 -0.03 -0.16 -0.04 -0.05 -30.0  0.08 -30.0 -0.13 -30.0 -0.09 -0.10 -30.0 -30.0
126053        -0.41   0.18  -30.0  0.25  0.00  0.04  0.14  0.07   0.12  0.06  0.04  0.15  0.07 -0.01 -0.02 -0.09  0.01 -0.01  0.01  0.16 -0.13 -0.04 -0.15 -0.12 -0.02  0.01  0.32
127667        -0.39   0.10  -30.0  0.26  0.07  0.08  0.00  0.05   0.01  0.27  0.00 -0.02 -0.01  0.00 -0.04 -0.12 -0.02 -0.01 -0.11  0.04 -0.01 -0.08  0.00 -0.03  0.06  0.14 -30.0
130253        -0.23   0.18  -30.0  0.29  0.08  0.08  0.17  0.07   0.18  0.19  0.08  0.00  0.01 -0.06 -0.02 -0.14 -0.01  0.01 -0.07 -0.05 -0.07 -0.05 -0.03 -0.12 -0.08  0.04 -0.06
131039        -0.23   0.12  -30.0  0.41  0.04 -30.0  0.13  0.09   0.07 -30.0  0.05 -0.05 -0.05  0.13 -0.03 -0.19 -0.02 -0.04 -0.22 -30.0 -30.0  0.09 -30.0  0.12  0.00 -30.0 -30.0
131599        -0.44   0.24  -30.0  0.37  0.07  0.06  0.09  0.04   0.20  0.25  0.04  0.05  0.01 -0.06 -0.02 -0.19 -0.01 -0.03 -0.05  0.06  0.01  0.03  0.08  0.00  0.04 -0.07 -30.0
133641        -0.42   0.20  -30.0  0.36  0.14  0.06  0.13  0.08   0.10 -30.0  0.12 -0.08  0.07  0.20  0.04 -0.11 -0.06 -0.04 -0.18  0.02  0.14 -0.05 -0.26 -0.07  0.00 -0.11  0.06
136925        -0.38   0.33  -30.0  0.49  0.11  0.21  0.30  0.20   0.28  0.20  0.13  0.22  0.19  0.07 -0.01 -0.20  0.11  0.05  0.07  0.27 -0.09 -0.02 -30.0 -0.20  0.01  0.24 -30.0
139457        -0.49   0.28  -30.0  0.38  0.08  0.08  0.11  0.08   0.16  0.42  0.07  0.06  0.08  0.09 -0.02 -0.16 -0.05 -0.02 -0.09  0.05 -0.05 -0.03 -0.04 -0.06  0.02  0.04  0.07
140324        -0.36   0.23  -30.0  0.35  0.04  0.12  0.11  0.08   0.16  0.24  0.01  0.10  0.04  0.06  0.00 -0.15  0.00 -0.01 -0.04  0.11 -30.0  0.29 -30.0  0.18  0.29 -30.0 -30.0
140750        -0.37   0.39  -30.0  0.51  0.06 -0.05  0.16  0.11   0.35  0.17  0.04  0.13 -0.02 -0.09 -0.02 -0.14  0.01  0.01 -0.04  0.18 -0.08  0.04  0.00 -0.05  0.01  0.03  0.19
145937        -0.60   0.23  -30.0  0.49  0.08  0.11  0.16  0.08   0.17  0.36  0.11  0.06  0.07  0.01  0.00 -0.16  0.02 -0.02 -0.12  0.04 -0.03 -0.13 -0.15 -0.22 -0.19  0.00 -30.0
146946        -0.37   0.30  -30.0  0.30  0.09  0.05  0.15  0.04   0.24  0.25 -30.0 -0.07  0.13  0.17 -0.02 -0.07 -0.06 -0.05 -0.11 -0.01  0.01 -30.0 -30.0  0.00  0.03 -30.0 -30.0
148049        -0.36   0.19  -30.0  0.28  0.07  0.09  0.09  0.05   0.16  0.35  0.05  0.02  0.04  0.03 -0.07 -0.14  0.00 -0.02 -0.07  0.08 -30.0 -0.06 -0.04 -0.04 -0.11 -0.06 -30.0
149576        -0.17   0.12  -30.0  0.33  0.05 -30.0  0.04  0.03   0.05 -30.0  0.06 -0.09 -0.08 -30.0 -0.04 -0.16 -0.12 -0.07 -0.20 -30.0 -30.0  0.18 -30.0 -30.0  0.08 -30.0 -30.0
152449        -0.05   0.06  -30.0  0.21  0.00  0.01  0.02  0.02   0.12  0.18 -0.01 -0.02 -0.08 -0.09 -0.03 -0.13 -0.07 -0.03 -0.20 -0.02  0.06  0.02 -0.15 -0.02 -0.07 -0.12 -30.0
152986        -0.17   0.18  -30.0  0.23  0.08  0.03  0.02  0.05   0.10 -30.0 -0.01  0.00 -0.02  0.00 -0.02 -0.14 -0.04 -0.03 -0.08  0.05  0.08  0.08  0.04  0.05  0.04  0.00 -0.01
153240        -0.09   0.11  -30.0  0.24 -30.0 -30.0  0.02  0.04   0.18 -30.0  0.06 -0.09 -30.0  0.14  0.08 -0.12 -0.05 -0.04 -0.23 -30.0 -30.0  0.08 -30.0  0.10 -0.04 -30.0 -30.0
153627        -0.38   0.26  -30.0  0.34  0.07  0.11  0.12  0.08   0.19 -30.0  0.02  0.09  0.02 -0.07 -0.04 -0.16 -0.01  0.00 -0.02  0.15 -0.02  0.03  0.02 -0.04  0.02  0.09 -30.0
153668        -0.22   0.16   0.12  0.26  0.06 -0.03  0.05  0.05   0.15  0.26  0.01  0.04  0.00 -0.08 -0.02 -0.14 -0.04 -0.03 -0.07  0.05  0.03  0.03 -0.04  0.01  0.01 -30.0 -30.0
155646        -0.07  -0.03  -30.0  0.34  0.00  0.07  0.04  0.04   0.02  0.37  0.02  0.02  0.03 -0.05 -0.01 -0.15 -0.04 -0.03 -0.18 -0.03 -30.0  0.10  0.07  0.29  0.11  0.01 -30.0
156635        -0.10   0.33   0.51  0.26  0.10  0.00  0.03  0.07   0.12  0.21  0.04  0.03  0.00 -0.01 -0.03 -0.10 -0.01  0.01  0.00  0.06 -30.0  0.07 -0.02  0.06 -0.02 -30.0 -30.0
157466        -0.41   0.18  -30.0  0.24 -0.01  0.02  0.07  0.02   0.05  0.08  0.00  0.00 -0.04 -0.06 -0.06 -0.20 -0.02 -0.08 -0.18 -0.01 -0.04 -0.04 -0.04  0.01  0.04 -30.0 -30.0
157467         0.11   0.04   0.03  0.19  0.06  0.08  0.22  0.10   0.13  0.25 -0.05 -0.19 -0.04 -0.07 -30.0 -0.04 -0.03  0.02 -0.06  0.01 -30.0 -0.12 -30.0 -0.17 -0.26 -30.0 -30.0
159333        -0.27   0.26  -30.0  0.39  0.11  0.03  0.11  0.09   0.21  0.26  0.04  0.00  0.00 -0.09 -0.01 -0.11 -0.02  0.00 -0.01  0.04  0.00  0.01  0.00  0.03 -0.05  0.01 -30.0
160078        -0.14   0.24   0.29  0.50 -30.0  0.02  0.07  0.11   0.20  0.42  0.04 -0.11 -0.05 -0.07  0.02 -0.16 -0.07 -0.02 -0.19  0.01 -30.0  0.04  0.01  0.08 -0.03 -30.0  0.05
163363         0.00   0.05  -30.0  0.17  0.09  0.15  0.08  0.01   0.04 -30.0  0.02 -0.22 -0.02 -0.02 -0.03 -0.07 -0.01 -0.01 -30.0 -30.0 -0.02 -0.16 -30.0 -0.14 -0.21 -30.0 -30.0
167588        -0.37   0.19  -30.0  0.29  0.05  0.08  0.13  0.04   0.11  0.28  0.00  0.08  0.06  0.00  0.01 -0.20 -0.01 -0.02 -0.07  0.01 -0.06 -0.08 -30.0 -0.04  0.06 -30.0 -30.0
169359        -0.31   0.24  -30.0  0.30  0.00  0.09  0.08  0.08   0.14  0.19 -0.01  0.10  0.01 -0.03 -0.04 -0.13 -0.02 -0.03 -0.06  0.06 -0.07 -0.02  0.00 -0.03  0.04  0.03 -30.0
171620        -0.46   0.26  -30.0  0.30  0.12  0.06  0.12  0.07   0.08 -30.0  0.06 -0.01  0.00 -0.01 -0.05 -0.18 -0.05 -0.01 -0.05  0.03 -0.04 -0.09 -0.15  0.01 -0.02 -0.01 -30.0
171886        -0.33   0.07  -30.0  0.33  0.00 -30.0  0.02  0.05   0.00 -30.0  0.06  0.02 -0.01  0.02 -30.0 -0.16  0.01 -0.06 -0.16 -30.0 -30.0 -30.0 -30.0  0.14  0.05 -30.0 -30.0
174160        -0.09   0.11   0.17  0.21  0.06  0.06  0.04  0.03   0.03  0.26  0.03  0.04 -0.02  0.01  0.07 -0.15 -0.09 -0.04 -0.17 -0.06  0.10  0.05  0.08  0.06  0.03  0.00 -30.0
176796        -0.44   0.22  -30.0  0.44  0.14  0.10  0.14  0.12   0.19  0.39  0.07  0.05  0.06  0.09  0.02 -0.18  0.00  0.00 -0.08  0.07  0.10  0.05  0.02  0.04  0.04  0.06 -30.0
182758        -0.53   0.15  -30.0  0.39  0.03  0.12  0.17  0.04   0.13  0.30  0.00  0.05  0.07 -0.04 -0.07 -0.21 -0.02 -0.03 -0.06  0.18 -0.05 -0.15 -0.15 -0.13 -0.08 -0.05 -30.0
186379        -0.39   0.12  -30.0  0.28  0.01  0.08  0.14  0.06   0.13  0.22  0.01  0.01  0.05 -0.01 -0.02 -0.18 -0.01 -0.03 -0.06  0.05 -0.12 -0.13 -0.10 -0.20 -0.11  0.01  0.22
186408         0.00   0.18  -30.0  0.21  0.00  0.01  0.08  0.06   0.21 -0.02 -0.01  0.15 -0.04 -0.09 -0.05 -0.07 -0.01  0.02  0.00  0.06 -0.09  0.08  0.03  0.04  0.06  0.14 -30.0
190681        -0.08   0.12  -30.0  0.25  0.09 -0.02  0.03  0.06   0.12 -30.0  0.05 -0.04 -0.05 -0.04 -0.03 -0.14 -0.03 -0.04 -0.07  0.04 -30.0  0.03  0.01 -0.01 -0.09 -0.18 -30.0
191649        -0.26   0.22  -30.0  0.32  0.02  0.01 -0.05  0.08   0.20  0.25  0.03 -0.02 -0.01 -0.07 -0.03 -0.15 -0.06 -0.03 -0.13  0.00  0.01 -0.02  0.06 -0.06  0.03  0.23 -30.0
191672        -0.46   0.15  -30.0  0.30  0.07  0.09  0.11  0.08   0.09  0.34  0.08  0.04  0.06  0.03  0.02 -0.16 -0.01 -0.01 -0.06  0.04 -0.06 -0.04 -0.14 -0.17 -0.17 -30.0 -30.0
192145        -0.35   0.14  -30.0  0.31  0.13  0.09  0.09  0.07   0.16  0.33  0.03  0.02  0.00 -0.02 -0.01 -0.14  0.01  0.00 -0.04  0.08  0.02 -0.03 -0.14 -0.04 -0.02 -0.19 -30.0
193664        -0.19   0.13  -30.0  0.17 -0.05  0.00  0.01  0.02   0.18  0.06 -0.02  0.02 -0.03 -0.10 -0.02 -0.11 -0.08 -0.04 -0.11  0.04  0.01  0.10  0.08  0.06  0.16  0.16 -30.0
194497        -0.29  -0.04  -0.02  0.22  0.03 -0.01 -0.01  0.03   0.00  0.46  0.04  0.05  0.07  0.00  0.01 -0.18 -0.03 -0.05 -0.09 -0.02  0.15  0.07 -0.12  0.17  0.12  0.12 -30.0
195200        -0.20   0.16   0.03  0.25  0.01 -0.01  0.06  0.01   0.11  0.17 -0.02 -0.03 -0.04 -0.06 -0.03 -0.12 -0.06 -0.05 -0.09  0.02  0.03  0.04 -0.01  0.05  0.01 -0.02 -30.0
198089        -0.30   0.19  -30.0  0.30  0.02  0.07  0.10  0.06   0.19  0.10  0.00  0.11  0.02 -0.01 -0.06 -0.13  0.00 -0.02 -0.03  0.10 -0.15 -0.03 -0.04 -0.04 -0.03  0.07  0.24
198109        -0.44   0.19  -30.0  0.29  0.06  0.07  0.06  0.03   0.04  0.33  0.03  0.02  0.06  0.02 -0.06 -0.17 -0.02 -0.05 -0.13  0.00 -0.09 -0.06 -0.06 -0.11 -0.03  0.01 -30.0
198390        -0.32   0.09  -30.0  0.34  0.03  0.05  0.01  0.02   0.05  0.37  0.08 -0.01  0.00  0.15 -0.05 -0.20 -0.09 -0.05 -0.20  0.04  0.12  0.10 -30.0  0.21  0.14 -30.0 -30.0
199085        -0.11   0.04  -30.0  0.14 -0.01 -0.04 -0.01  0.01  -0.08  0.36  0.04  0.01 -0.03  0.15  0.00 -0.10 -0.14 -0.06 -0.12  0.00 -30.0  0.13 -0.03  0.19  0.09 -30.0 -30.0
200580        -0.54   0.07  -30.0  0.17  0.18  0.06  0.17  0.01 -30.0   0.26  0.09 -0.13  0.15  0.18  0.04 -0.06  0.00 -0.01 -0.09 -0.01  0.03 -0.23 -30.0 -0.17 -0.12 -0.09 -30.0
201444        -0.63   0.30  -30.0  0.53  0.14  0.12  0.16  0.13   0.16  0.45  0.06  0.08  0.07 -0.04 -0.05 -0.23  0.02 -0.03 -0.09  0.07 -30.0  0.04  0.00  0.12  0.12  0.13  0.29
201490        -0.23   0.06   0.28  0.19  0.03  0.04  0.07  0.03   0.02  0.26  0.03 -0.11  0.01 -0.01 -0.04 -0.14 -0.04 -0.01 -0.10 -0.03 -0.01 -0.10 -0.01 -0.10 -0.19 -30.0  0.04
201639        -0.54   0.25  -30.0  0.22  0.09  0.09  0.07  0.09   0.14  0.28  0.07  0.06  0.04 -0.01 -0.02 -0.15 -0.02 -0.01 -0.08  0.07  0.02  0.01 -0.06  0.05  0.07 -30.0  0.24
201835        -0.39   0.12  -30.0  0.35  0.07  0.13  0.13  0.11   0.03 -30.0  0.14  0.10  0.10  0.12  0.04 -0.17  0.06  0.01 -0.12 -0.01 -30.0  0.03 -30.0  0.14  0.11 -30.0 -30.0
202884        -0.24   0.09  -30.0  0.21 -0.01  0.04  0.04  0.02   0.05  0.20  0.01  0.01  0.02 -0.02 -0.04 -0.20 -0.01 -0.05 -0.19  0.00  0.06  0.08 -0.04  0.18  0.05  0.13  0.24
204306        -0.66   0.30  -30.0  0.53  0.10  0.14  0.17  0.14   0.27  0.29  0.10  0.12  0.07 -0.01 -0.01 -0.20  0.07  0.00 -0.09  0.13 -0.05 -0.03 -0.10 -0.04 -0.15  0.03 -30.0
204559        -0.36   0.15   0.41  0.32  0.06  0.06  0.08  0.04   0.07  0.30  0.03  0.02  0.04 -0.04 -0.03 -0.13 -0.06 -0.02 -0.10  0.05 -0.05 -0.02  0.02  0.06  0.03 -30.0 -30.0
204712        -0.48   0.26  -30.0  0.44  0.08  0.11  0.09  0.10   0.18  0.32  0.07  0.14  0.07 -0.06 -0.04 -0.19  0.03 -0.01 -0.04  0.14 -0.05  0.02  0.00 -0.01 -0.08  0.08  0.18
206860        -0.12   0.11   0.20  0.22  0.00 -0.11 -0.01  0.02   0.18  0.12 -0.01 -0.03 -0.02 -0.11  0.00 -0.14 -0.18 -0.04 -0.18  0.07  0.09  0.18  0.07  0.29  0.18 -30.0  0.12
209320        -0.18   0.20  -30.0  0.34  0.05  0.08  0.10  0.08   0.21 -30.0  0.05 -0.04 -0.06  0.02  0.03 -0.09 -0.05  0.00 -0.07 -0.02  0.02  0.01  0.05 -0.02 -0.03 -0.06 -30.0
209858        -0.27   0.20  -30.0  0.27  0.05  0.00  0.04  0.04   0.17  0.15  0.01  0.04  0.01 -0.05 -0.03 -0.13 -0.04 -0.03 -0.03  0.05 -0.08 -0.02 -0.01 -0.03 -0.02  0.06  0.16
210457        -0.27   0.11  -30.0  0.31  0.09  0.03  0.03  0.05   0.12  0.34  0.00 -0.04  0.00 -0.06 -0.01 -0.18 -0.04 -0.04 -0.17  0.00  0.09  0.05  0.03  0.14 -0.11  0.01  0.09
210640        -0.36   0.08  -30.0  0.37  0.05  0.03  0.03  0.08   0.07  0.33  0.08 -0.13  0.04  0.01 -0.02 -0.07 -0.04 -0.04 -0.17  0.03 -30.0  0.01 -30.0  0.05  0.09 -30.0 -30.0
210718        -0.34   0.04  -30.0  0.18  0.08  0.08  0.13  0.07   0.05  0.33  0.06 -0.09  0.03 -0.03 -0.03 -0.15 -0.06 -0.03 -0.09  0.03 -30.0 -0.14 -0.24 -0.15 -0.27 -30.0 -30.0
210923        -0.21   0.14  -30.0  0.33  0.06  0.05  0.07  0.04   0.12  0.29  0.02  0.03 -0.01 -0.01 -0.03 -0.12 -0.06 -0.03 -0.05  0.04  0.05  0.10  0.03  0.11 -0.02  0.10  0.02
210985        -0.57   0.08  -30.0  0.36  0.20  0.08  0.17  0.11   0.11  0.32  0.14 -0.04  0.08 -30.0 -0.01 -0.20  0.01 -0.02 -0.08  0.00 -30.0 -0.02 -30.0 -0.09  0.09 -30.0 -30.0
212858        -0.39   0.18  -30.0  0.29  0.02  0.04  0.09  0.00   0.05  0.17 -0.01 -0.01 -0.02 -0.09 -0.04 -0.16 -0.08 -0.04 -0.12  0.07 -0.03 -0.05 -0.09 -0.06  0.00  0.04  0.10
214111        -0.14   0.17  -30.0  0.34  0.16  0.01 -30.0  0.09   0.14  0.38  0.05 -0.19 -30.0  0.16  0.10 -0.10  0.02  0.01 -30.0 -0.10 -30.0 -30.0 -30.0 -0.10 -0.23 -30.0  0.09
214435        -0.31   0.15  -30.0  0.24  0.02  0.04  0.04  0.03   0.11  0.12 -0.01 -0.01 -0.03 -0.05 -0.02 -0.15 -0.05 -0.03 -0.11  0.07  0.02  0.03 -0.07  0.04  0.09  0.03 -0.06
214557        -0.05   0.18   0.37  0.26  0.04  0.07  0.12  0.07   0.20  0.10 -0.05  0.10 -0.04 -0.07 -0.01 -0.13 -0.03 -0.01 -0.05  0.04  0.00  0.08  0.05 -0.06 -0.06 -30.0  0.25
214576        -0.55   0.13  -30.0  0.37  0.08  0.09  0.01  0.11   0.06 -30.0  0.11  0.01  0.07  0.03  0.00 -0.19 -0.06 -0.01 -0.20  0.03  0.09 -0.02 -0.03  0.09  0.08 -30.0 -30.0
215442        -0.22   0.30  -30.0  0.50  0.08  0.08 -0.03  0.11   0.26 -30.0  0.04 -0.10 -0.04 -0.10  0.01 -30.0 -0.03 -0.01 -0.11  0.00  0.00  0.00  0.02 -0.02 -0.02 -30.0  0.03
216106        -0.33   0.28  -30.0  0.43  0.10  0.12  0.10  0.09   0.22  0.38  0.07  0.01  0.02 -0.09 -0.03 -0.17 -0.04 -0.02 -0.11  0.08  0.06  0.09 -0.03  0.22 -0.07  0.02  0.02
216385        -0.16  -0.04  -0.02  0.18  0.02  0.07  0.03  0.01  -0.06  0.40 -0.01 -0.07  0.02  0.01  0.00 -0.15 -0.07 -0.04 -0.16 -0.05  0.04 -0.11 -0.08  0.04 -0.14 -0.02 -0.02
216631        -0.39   0.13  -30.0  0.25  0.02 -0.03  0.07 -0.02   0.06  0.16  0.00  0.02  0.02 -0.03 -0.08 -0.21 -0.11 -0.07 -0.16  0.02 -0.03  0.02 -0.09 -0.01 -0.03 -30.0 -30.0
217877        -0.18   0.13   0.30  0.22  0.06  0.05  0.09  0.04   0.16  0.17  0.04  0.08 -0.02 -0.06 -0.03 -0.05 -0.02 -0.01 -0.03  0.08 -0.03  0.01 -0.02 -0.03 -0.04  0.09  0.01
218059        -0.27   0.03  -30.0  0.25 -0.03  0.06  0.00  0.03   0.05  0.26  0.03 -0.06 -0.01 -0.01  0.00 -0.15 -0.06 -0.06 -0.20  0.02  0.06 -0.02 -0.02  0.10  0.06 -30.0 -30.0
218172        -0.21   0.12   0.08  0.28  0.03  0.00  0.07  0.06   0.13  0.40  0.04  0.04  0.05 -0.03 -0.01 -0.10 -0.05 -0.04 -0.11  0.02  0.08  0.09  0.08  0.08 -0.06  0.10  0.11
218470        -0.06  -0.01  -30.0  0.29  0.08  0.03 -30.0 -0.01   0.01  0.33  0.00 -0.15 -0.03  0.19 -30.0 -0.16 -30.0 -0.01 -0.21 -0.11 -30.0  0.04 -30.0  0.17 -0.04 -30.0 -30.0
218637        -0.30   0.03  -30.0  0.17  0.10  0.16  0.12  0.08   0.01  0.36  0.09 -0.01  0.05  0.05 -0.02 -0.09  0.03  0.02  0.02 -0.04  0.05 -0.10 -30.0 -0.14 -0.01 -0.06 -30.0
219306        -0.31   0.15  -30.0  0.30  0.05  0.10  0.07  0.06   0.13  0.28  0.01  0.04  0.03 -0.05 -0.05 -0.18  0.00  0.00 -0.04  0.05  0.02 -0.01 -0.04  0.03 -0.11 -0.01 -0.04
219476        -0.54   0.15  -30.0  0.37  0.12  0.12  0.08  0.08   0.10  0.43  0.05  0.04  0.10 -0.03 -0.02 -0.21  0.00 -0.03 -0.08  0.06 -0.02 -0.08 -0.08  0.06 -0.15 -0.02  0.10
219497        -0.51   0.32  -30.0  0.44  0.17  0.09  0.13  0.09   0.31 -30.0  0.08  0.08  0.03 -0.08 -0.04 -30.0  0.04 -0.05 -0.11  0.15  0.06  0.07  0.08  0.04  0.02  0.07 -30.0
219983        -0.20   0.02   0.14  0.22  0.02  0.02  0.08  0.03   0.02  0.37  0.06 -0.02  0.04  0.00 -0.02 -0.13 -0.05 -0.01 -0.12 -0.05  0.07 -0.02  0.00  0.00 -0.08  0.13 -0.02
220842        -0.31   0.39  -30.0  0.40  0.02  0.08  0.06  0.07   0.25  0.15  0.01  0.06 -0.03 -0.10 -0.02 -0.14 -0.03 -0.03  0.01  0.16  0.27  0.35  0.27  0.09  0.05  0.12  0.17
220908        -0.16   0.07  -30.0  0.31  0.07  0.04  0.10  0.06   0.15  0.32  0.06 -0.02  0.02  0.00 -0.01 -0.12 -0.04  0.00 -0.11  0.00  0.04  0.02  0.04  0.03 -0.06 -30.0 -30.0
221356        -0.24  -0.03  -30.0  0.09 -0.06  0.01  0.05 -0.01  -0.02  0.13  0.06 -0.05  0.05 -0.02 -0.03 -0.21 -0.04 -0.05 -0.16 -0.06  0.05  0.09  0.08  0.08  0.12 -30.0 -30.0
222155        -0.29   0.49  -30.0  0.38  0.04  0.11  0.18  0.11   0.27  0.10  0.01  0.13  0.00 -0.07 -0.02 -0.12  0.02  0.00 -0.02  0.19  0.11  0.22  0.22  0.16  0.08  0.21  0.25
223436        -0.04   0.12   0.20  0.25  0.05  0.05  0.06  0.07  -0.04  0.26  0.04 -0.02  0.01  0.01  0.02 -0.08 -0.05 -0.02 -0.05 -0.01  0.08  0.03  0.07  0.00 -0.03  0.03  0.11
223583        -0.48   0.23  -30.0  0.34  0.07  0.11  0.08  0.07   0.14  0.35  0.04  0.00  0.06  0.01  0.00 -0.17 -0.02 -0.01 -0.04  0.09 -0.09 -0.14 -0.15 -0.15 -0.08  0.01 -0.05
223854        -0.58   0.12  -30.0  0.34  0.07  0.10  0.11  0.11   0.02 -30.0  0.13  0.07  0.14  0.01  0.00 -0.19  0.06  0.01 -0.09  0.05  0.02 -0.06 -0.15 -0.06  0.00 -30.0 -30.0
224233        -0.24   0.29   0.35  0.31  0.00  0.09  0.21  0.12   0.25  0.11  0.02  0.14  0.05 -0.05 -0.03 -0.14  0.00  0.01  0.01  0.16 -0.13  0.02  0.02 -0.05  0.08  0.40  0.21
225239        -0.53   0.34  -30.0  0.43  0.09  0.11  0.18  0.09   0.30  0.22  0.05  0.09  0.05 -0.02 -0.01 -0.14  0.01 -0.01 -0.01  0.12 -0.09 -0.05 -30.0 -0.10 -0.01  0.07  0.14