0.0000e9 74.68e-06 
0.5000e9 55.37e-06
1.0000e9 44.93e-06
1.5000e9 58.43e-06
2.0000e9 36.57e-06
2.5000e9 75.78e-06
3.0000e9 83.14e-06
3.5000e9 78.81e-06
4.0000e9 95.61e-06
4.5000e9 88.95e-06
5.0000e9 64.68e-06
5.5000e9 41.24e-06
6.0000e9 42.87e-06
6.5000e9 59.09e-06
7.0000e9 88.42e-06
7.5000e9 111.50e-06
8.0000e9 157.88e-06
8.5000e9 165.07e-06
9.0000e9 136.51e-06
9.5000e9 130.11e-06
10.000e9 125.38e-06
10.500e9 102.96e-06
11.000e9 82.72e-06
11.500e9 50.54e-06
11.875e9 38.75e-06
12.125e9 55.53e-06
12.375e9 35.2e-06
12.625e9 8.15e-06
12.875e9 6.34e-06
13.125e9 11.38e-06
13.375e9 23.83e-06
