[Fe/H] err [O/Fe] err [Na/Fe] err [Mg/Fe] err [Si/Fe] err [Ca/Fe] err [Sc/Fe] err [Ti/Fe] err [TiII/Fe] err [V/Fe] err [Cr/Fe] err [Mn/Fe] err [Co/Fe] err [Ni/Fe] err [Cu/Fe] err [Zn/Fe] err [Y/Fe] err [Ba/Fe] err [La/Fe] err [Nd/Fe] err [Eu/Fe] err
-2.81 0.34 -30.0 -30.0 -0.82 0.24 0.48 0.34 -30.0 -30.0 -0.03 0.20 -0.01 0.15 0.65 0.17 0.29 0.07 0.72 0.34 -0.82 0.17 -0.72 0.24 -30.0 -30.0 0.36 0.34 -30.0 -30.0 -30.0 -30.0 -1.56 0.24 -30.0 -30.0 -30.0 -30.0 -1.07 0.34 -30.0 -30.0 -30.0 -30.0 -30.0 -30.0 
-2.15 0.38 -30.0 -30.0 -1.18 0.38 -0.36 0.38 -30.0 -30.0 -0.01 0.10 -0.20 0.24 -0.08 0.15 0.04 0.07 -0.26 0.38 -0.47 0.08 -0.81 0.18 -30.0 -30.0 0.18 0.13 -30.0 -30.0 -30.0 -30.0 -30.0 -30.0 -30.0 -30.0 -30.0 -30.0 -1.12 0.27 -30.0 -30.0 -30.0 -30.0 0.13 0.38 
-2.86 0.33 -30.0 -30.0 -0.45 0.23 0.22 0.23 -30.0 -30.0 0.18 0.10 0.10 0.15 0.11 0.18 0.39 0.08 -30.0 -30.0 -0.34 0.16 -0.33 0.23 -0.26 0.23 0.35 0.18 -30.0 -30.0 -30.0 -30.0 -1.21 0.32 -30.0 -30.0 -30.0 -30.0 -0.98 0.18 -30.0 -30.0 -30.0 -30.0 -30.0 -30.0 
-1.53 0.21 0.40 0.21 -0.25 0.21 0.19 0.15 -30.0 -30.0 0.16 0.04 0.06 0.04 0.23 0.04 0.18 0.05 0.01 0.03 0.00 0.12 -0.27 0.05 -0.13 0.21 -0.07 0.04 -0.47 0.21 0.16 0.21 -0.32 0.12 0.16 0.26 0.48 0.12 0.63 0.15 0.47 0.21 
-1.75 0.21 0.41 0.21 -30.0 -30.0 0.27 0.15 0.60 0.15 0.10 0.04  -0.08 0.04 -0.02 0.03 0.03 0.06 0.21 0.15 -0.09 0.10 -0.34 0.10 -0.27 0.21 -0.08 0.04 -30.0 -30.0 -0.17 0.21 -0.46 0.12 0.09 0.21 0.55 0.15 0.52 0.15 -30.0 -30.0 
-1.30 0.23 -30.0 -30.0 -30.0 -30.0 -0.50 0.16 0.13 0.23 -0.17 0.04 -0.74 0.07 -0.42 0.04 -0.29 0.05 -0.67 0.23 -0.20 0.12 -0.51 0.10 -30.0 -30.0 -0.46 0.04 -30.0 -30.0 -0.83 0.23 -1.37 0.16 -0.64 0.16 -30.0 -30.0 -0.56 0.23 -30.0 -30.0 
-1.35 0.25 -30.0 -30.0 -0.22 0.25 0.13 0.18 0.23 0.25 0.11 0.04 -0.03 0.05 0.02 0.05 -0.01 0.06 0.02 0.06 -0.23 0.12 -0.30 0.07 -0.26 0.25 -0.04 0.04 -0.80 0.25 -0.05 0.25 -0.63 0.18 -0.61 0.14 -30.0 -30.0 0.26 0.18 -30.0 -30.0  
-1.68 0.25 -30.0 -30.0 0.04 0.25 0.42 0.18 0.45 0.18 0.24 0.06 0.15 0.06 0.27 0.05 0.13 0.06 0.41 0.11 0.08 0.12 0.02 0.11 0.02 0.25 0.03 0.04 -0.55 0.25 -30.0 -30.0 -0.27 0.14 -0.17 0.14 -30.0 -30.0 0.27 0.18 -30.0 -30.0 
-1.30 0.37 -30.0 -30.0 -0.25 0.37 0.09 0.26 0.06 0.26 -0.06 0.05 -0.24 0.07 0.27 0.06 0.11 0.09 0.09 0.08 0.25 0.21 -0.51 0.17 -0.01 0.26 -0.10 0.06 -30.0 -30.0 -0.46 0.37 -0.32 0.21 -0.15 0.26 -30.0 -30.0 0.11 0.26 0.33 0.37 
