     0     1    1.2564166382E+00
    30    44    2.2211600371E-05
    30    45    1.1106279272E-02
    30    46    2.2646925579E-03
    30    47    1.1214436297E-02
    30    48    2.4351063734E-03
    30    49    1.1251615888E-02
    30    50    4.0504167432E-03
    30    51    9.7913190852E-03
    31    43    5.1398837105E-08
    31    44    8.1155627296E-03
    31    45    2.5044326944E-02
    31    46    2.4911037528E-02
    31    47    2.4892412322E-02
    31    48    2.5235587202E-02
    31    49    2.4703281394E-02
    31    50    9.8260421072E-03
    31    51    2.3231976575E-02
    31    52    1.0784545394E-02
    31    53    2.2007498504E-02
    32    43    9.4875534040E-08
    32    44    1.1055297566E-03
    32    45    5.5344314939E-03
    32    46    3.8826193377E-03
    32    47    1.9682137267E-02
    32    48    4.1076497686E-03
    32    49    1.9855399152E-02
    32    50    4.7620379875E-03
    32    51    5.2324919281E-03
    32    52    2.1087169262E-03
    32    53    5.0031748937E-03
    32    54    2.4898375260E-03
    32    55    4.5963981187E-03
    33    43    5.3037852689E-08
    33    44    3.3900357385E-03
    33    45    1.1541180358E-02
    33    46    1.4354485466E-02
    33    47    4.3292761079E-02
    33    48    1.4590504275E-02
    33    49    4.3043172481E-02
    33    50    1.5166585703E-02
    33    51    1.1013441750E-02
    33    52    4.4171979840E-03
    33    53    1.0526003807E-02
    33    54    4.8288599641E-03
    33    55    1.0004187450E-02
    33    56    3.5439328988E-03
    34    43    4.8175549381E-08
    34    44    3.4775772730E-04
    34    45    1.9026999799E-03
    34    46    3.8462172394E-04
    34    47    9.8434337094E-03
    34    48    2.1969104152E-03
    34    49    9.9797177052E-03
    34    50    2.6193809519E-03
    34    51    9.7674889486E-03
    34    52    2.5559071783E-03
    34    53    1.8557971350E-03
    34    54    7.4579272337E-04
    34    55    1.7734542083E-03
    34    56    8.5880527565E-04
    34    57    1.6631862744E-03
    34    58    4.3417195007E-04
    35    44    2.8467861914E-06
    35    45    3.7529927178E-03
    35    46    9.6069316129E-04
    35    47    3.7796370392E-03
    35    48    1.0030172322E-03
    35    49    3.7838948161E-03
    35    50    6.5337784672E-03
    35    51    3.6930799736E-03
    35    52    6.6791855086E-03
    35    53    3.5755846573E-03
    35    54    1.3914856366E-03
    35    55    3.4661909143E-03
    35    56    5.7489238407E-03
    35    57    3.2246871502E-03
    35    58    1.6654010022E-03
    35    59    2.9346347193E-03
    36    45    3.6345981747E-08
    36    46    6.8715316701E-05
    36    47    4.1570293615E-04
    36    48    7.7422432352E-05
    36    49    4.3189999576E-04
    36    50    1.0663200121E-04
    36    51    4.3184510589E-04
    36    52    9.7587788874E-04
    36    53    3.0322272961E-03
    36    54    8.9331715824E-04
    36    55    2.8442395640E-03
    36    56    9.4986273167E-04
    36    57    2.5889563351E-03
    36    58    9.9181816537E-04
    36    59    2.2336787375E-03
    36    60    6.2080509185E-04
    36    61    3.3310998018E-04
    37    46    1.8395667686E-06
    37    47    7.4111170905E-04
    37    48    1.6068641374E-04
    37    49    7.5599708894E-04
    37    50    1.9563236840E-04
    37    51    7.4117596472E-04
    37    52    3.2065154592E-04
    37    53    5.7015741253E-03
    37    54    1.7972826298E-03
    37    55    5.3528612603E-03
    37    56    1.8271415114E-03
    37    57    4.8433594925E-03
    37    58    1.7986033096E-03
    37    59    4.1797027429E-03
    37    60    1.6770967815E-03
    37    61    3.6443463320E-03
    37    62    1.5871163820E-04
    38    47    1.1106580403E-08
    38    48    7.1975201470E-06
    38    49    4.9238127887E-05
    38    50    1.0285922152E-05
    38    51    5.0319697328E-05
    38    52    3.6349119988E-05
    38    53    7.0169960642E-04
    38    54    1.7649143692E-04
    38    55    6.5042023044E-04
    38    56    1.7914354922E-04
    38    57    5.7452811475E-04
    38    58    1.7197138253E-04
    38    59    4.6639392948E-04
    38    60    1.8168989786E-04
    38    61    4.5296428868E-04
    38    62    2.0923933748E-04
    38    63    4.2567220231E-04
    39    49    2.3598283443E-08
    39    50    1.5826460441E-05
    39    51    7.6259239160E-05
    39    52    1.8335145272E-05
    39    53    7.8541260732E-05
    39    54    3.1690843735E-04
    39    55    1.1089704505E-03
    39    56    3.0844205967E-04
    39    57    9.5575921034E-04
    39    58    2.8353182320E-04
    39    59    8.4750827831E-04
    39    60    3.1370732431E-04
    39    61    8.2929472624E-04
    39    62    3.5047645894E-04
    39    63    7.8937366261E-04
    39    64    2.6231541487E-06
    40    51    4.9963464548E-09
    40    52    5.2642828373E-07
    40    53    3.0263441992E-06
    40    54    1.8477871099E-05
    40    55    8.0261873584E-05
    40    56    1.8189871411E-05
    40    57    6.7095732849E-05
    40    58    1.9088858671E-05
    40    59    6.8267670770E-05
    40    60    2.2348755328E-05
    40    61    6.9102035715E-05
    40    62    2.6026989958E-05
    40    63    6.8809902746E-05
    40    64    1.4326113115E-05
    40    65    1.8816327873E-06
    40    66    3.3912273223E-07
    41    52    1.5242586251E-07
    41    53    3.4679149046E-06
    41    54    5.0285649442E-06
    41    55    1.1491206666E-04
    41    56    2.5154769638E-05
    41    57    1.0336080444E-04
    41    58    3.1346001875E-05
    41    59    1.1382602329E-04
    41    60    3.5585673371E-05
    41    61    1.1454524330E-04
    41    62    4.0304001481E-05
    41    63    1.1365191371E-04
    41    64    4.4452505693E-05
    41    65    1.0730034307E-04
    41    66    4.1977158626E-06
    41    67    8.7071379782E-06
    42    54    3.7344846362E-09
    42    55    7.6333502749E-08
    42    56    8.8989551026E-07
    42    57    4.6268064490E-06
    42    58    1.3544558727E-06
    42    59    6.0558239623E-06
    42    60    1.6318043333E-06
    42    61    6.4001408546E-06
    42    62    1.9453302528E-06
    42    63    6.6443328535E-06
    42    64    2.2750000315E-06
    42    65    6.6567998702E-06
    42    66    5.1047940729E-07
    42    67    1.2765616824E-06
    42    68    5.7978110608E-07
    42    69    1.2529065836E-06
    43    56    3.7338883312E-09
    43    57    7.8909663498E-08
    43    58    1.4095227393E-06
    43    59    6.4564510302E-06
    43    60    3.0333367270E-06
    43    61    1.2201867674E-05
    43    62    3.5089897925E-06
    43    63    1.2480838783E-05
    43    64    1.8483042559E-06
    43    65    5.7370486118E-06
    43    66    2.1178294162E-06
    43    67    5.7416233355E-06
    43    68    2.3509737013E-06
    43    69    5.7107604713E-06
    43    70    2.6671801187E-06
    43    71    5.4242993585E-06
    44    60    4.8570799205E-08
    44    61    6.6375109781E-07
    44    62    1.6733017644E-07
    44    63    7.1806908049E-07
    44    64    2.0173399139E-07
    44    65    7.6198744481E-07
    44    66    2.4028819020E-07
    44    67    7.9337623319E-07
    44    68    2.8342494349E-07
    44    69    8.1101747833E-07
    44    70    3.2259715282E-07
    44    71    8.2217069333E-07
    44    72    3.6400989267E-07
    44    73    8.0570881073E-07
    45    62    2.5359697777E-07
    45    63    3.7152299418E-06
    45    64    1.0130855487E-06
    45    65    3.8839278391E-06
    45    66    1.1695072261E-06
    45    67    3.9978162923E-06
    45    68    1.3402519117E-06
    45    69    4.0535630000E-06
    45    70    1.5272594497E-06
    45    71    4.0480981959E-06
    45    72    1.6880985830E-06
    45    73    4.0185703010E-06
    45    74    8.5650579510E-07
    46    63    1.5043503914E-09
    46    64    1.0484958268E-07
    46    65    4.7788541905E-07
    46    66    1.2672056117E-07
    46    67    5.1289273175E-07
    46    68    1.4810036819E-07
    46    69    5.4392425462E-07
    46    70    1.7489517133E-07
    46    71    5.6362712013E-07
    46    72    1.9986960173E-07
    46    73    5.7608274675E-07
    46    74    1.8894564197E-07
    46    75    5.7177358399E-07
    46    76    8.7079037619E-09
    47    65    8.7886018209E-09
    47    66    5.7607973339E-07
    47    67    2.3442457506E-06
    47    68    6.6789609459E-07
    47    69    2.4414995388E-06
    47    70    7.5264397125E-07
    47    71    2.5199171870E-06
    47    72    8.5844530108E-07
    47    73    2.5489034877E-06
    47    74    9.5304438952E-07
    47    75    2.5368971184E-06
    47    76    2.2262629251E-07
    47    77    5.0452006405E-07
    48    66    1.9608511970E-08
    48    67    3.0948352948E-07
    48    68    7.6228288720E-08
    48    69    3.3648048377E-07
    48    70    9.1316049994E-08
    48    71    3.5780895301E-07
    48    72    6.8823775248E-08
    48    73    3.7616880060E-07
    48    74    1.1933641021E-08
    48    75    5.7087697598E-08
    48    76    6.1632097537E-10
    48    77    2.2888449754E-09
    48    78    3.5387560612E-11
    48    79    1.2002934875E-10
    49    68    1.0127566637E-07
    49    69    1.6946103118E-06
    49    70    4.5135931729E-07
    49    71    1.7843679965E-06
    49    72    5.1953027521E-07
    49    73    1.8404937901E-06
    49    74    1.0363231175E-07
    49    75    4.3106008299E-07
    49    76    1.2402332483E-07
    49    77    3.8990731258E-02
    49    78    8.8324442712E-03
    49    79    5.1407712739E-02
    49    80    1.1735788247E-02
    49    81    5.0506742519E-02
    49    82    1.2548096930E-02
    49    83    1.0061810629E-02
    50    70    1.7015703148E-08
    50    71    2.5101059725E-07
    50    72    4.7937125779E-09
    50    73    3.8348632910E-08
    50    74    5.5528405262E-08
    50    75    8.5970790712E-03
    50    76    8.7730970355E-04
    50    77    1.2066273285E-02
    50    78    1.4492275684E-03
    50    79    1.1953459010E-02
    50    80    1.4831602624E-03
    50    81    1.1922208549E-02
    50    82    2.0380272223E-03
    50    83    1.1442272129E-02
    50    84    1.9064494401E-03
    50    85    2.2743388192E-03
    51    72    7.5763328421E-08
    51    73    1.1685208002E-06
    51    74    3.7416504489E-08
    51    75    3.8967325635E-02
    51    76    8.7070593020E-03
    51    77    5.0443605347E-02
    51    78    1.1957349136E-02
    51    79    4.9695072057E-02
    51    80    1.1963848152E-02
    51    81    4.9161908563E-02
    51    82    1.2455059734E-02
    51    83    4.8348249408E-02
    51    84    1.2687949748E-02
    51    85    4.3204822888E-02
    51    86    3.5159213276E-03
    51    87    8.3420832628E-03
    52    73    2.1340537156E-11
    52    74    2.2432319137E-09
    52    75    1.1261097389E-07
    52    76    1.4804879135E-03
    52    77    1.1640754842E-02
    52    78    1.5070127620E-03
    52    79    1.1664342327E-02
    52    80    1.5472336410E-03
    52    81    1.1721681672E-02
    52    82    1.7988925373E-03
    52    83    1.1497582694E-02
    52    84    1.7915242203E-03
    52    85    9.3923769476E-03
    52    86    1.6199171376E-03
    52    87    2.1292186701E-03
    52    88    5.0796752570E-04
    53    75    2.6591590311E-10
    53    76    3.7669141555E-06
    53    77    4.6893752468E-02
    53    78    1.1222358939E-02
    53    79    4.6538592742E-02
    53    80    1.1324673713E-02
    53    81    4.6273070470E-02
    53    82    1.1551404515E-02
    53    83    4.1297976138E-02
    53    84    9.7187314567E-03
    53    85    3.5791888837E-02
    53    86    8.8203527110E-03
    53    87    6.3673472825E-03
    53    88    2.7226618182E-03
    53    89    6.0829613763E-03
    53    90    2.0253758881E-03
    54    76    3.5585908453E-06
    54    77    1.0646420658E-02
    54    78    1.3492699587E-03
    54    79    1.0771538064E-02
    54    80    1.4041544784E-03
    54    81    1.0797262700E-02
    54    82    1.3930750464E-03
    54    83    8.7913389740E-03
    54    84    1.3110974971E-03
    54    85    7.7799018932E-03
    54    86    1.3235997195E-03
    54    87    7.1403571652E-03
    54    88    6.2143211184E-04
    54    89    1.4811910887E-03
    54    90    6.6261590289E-04
    54    91    1.4356979082E-03
    54    92    3.9021374927E-04
    55    77    1.5916711311E-07
    55    78    1.3483588013E-03
    55    79    4.3350807202E-02
    55    80    1.0280420542E-02
    55    81    3.8657816942E-02
    55    82    8.5168137826E-03
    55    83    3.3237982294E-02
    55    84    7.6265026303E-03
    55    85    3.0048849751E-02
    55    86    7.1556689453E-03
    55    87    2.7914046437E-02
    55    88    1.5789817747E-03
    55    89    3.7610031470E-03
    55    90    1.6374895921E-03
    55    91    3.6585846965E-03
    55    92    1.7473467534E-03
    55    93    3.4528318968E-03
    56    78    2.8498332875E-06
    56    79    9.1593800946E-04
    56    80    1.0489530626E-03
    56    81    7.9181936939E-03
    56    82    9.7154187268E-04
    56    83    6.9739492051E-03
    56    84    9.4069712071E-04
    56    85    6.4231489252E-03
    56    86    9.4244261320E-04
    56    87    6.0628500421E-03
    56    88    3.2263021890E-04
    56    89    8.2064144355E-04
    56    90    3.3285936060E-04
    56    91    8.0522078829E-04
    56    92    3.6465844419E-04
    56    93    7.7821843446E-04
    56    94    2.1866331880E-04
    57    80    5.1227660823E-06
    57    81    2.0361378549E-03
    57    82    6.4062394091E-04
    57    83    1.9760348334E-03
    57    84    6.1799152237E-03
    57    85    1.9355539293E-03
    57    86    6.9277039803E-04
    57    87    1.8996148206E-03
    57    88    7.3971380232E-04
    57    89    1.8576283930E-03
    57    90    7.6563989380E-04
    57    91    1.8198159504E-03
    57    92    7.9891207904E-04
    57    93    1.7654871591E-03
    57    94    8.5386310480E-04
    57    95    1.6714513878E-03
    58    81    1.2699383596E-07
    58    82    9.4175914102E-05
    58    83    3.4627685981E-04
    58    84    1.0030690546E-04
    58    85    3.4642834089E-04
    58    86    1.1008309948E-04
    58    87    3.4375354321E-04
    58    88    1.2092193189E-04
    58    89    3.4530843879E-04
    58    90    1.2850036601E-04
    58    91    3.4376087895E-04
    58    92    1.3995853338E-04
    58    93    3.3704647296E-04
    58    94    1.5102884650E-04
    58    95    3.2460620296E-04
    58    96    9.0041222538E-05
    59    83    1.6385805419E-06
    59    84    2.2557111110E-04
    59    85    7.2311130104E-04
    59    86    2.3694208158E-04
    59    87    7.1848295596E-04
    59    88    2.5362089439E-04
    59    89    7.0827490569E-04
    59    90    2.7175860547E-04
    59    91    7.0361841610E-04
    59    92    2.8379509820E-04
    59    93    6.9472897671E-04
    59    94    3.0146764511E-04
    59    95    6.7147109894E-04
    59    96    2.1140330615E-04
    60    84    4.8487019383E-06
    60    85    1.0139486935E-04
    60    86    2.9297930874E-05
    60    87    1.0308769845E-04
    60    88    3.1990357066E-05
    60    89    1.0424707969E-04
    60    90    3.5896176296E-05
    60    91    1.0458774216E-04
    60    92    3.8482748033E-05
    60    93    1.0524067809E-04
    60    94    4.2042163491E-05
    60    95    1.0398520734E-04
    60    96    2.6690204753E-05
    61    86    8.6428788239E-06
    61    87    1.9878386333E-04
    61    88    6.3181405005E-05
    61    89    2.0004077592E-04
    61    90    6.8727783248E-05
    61    91    1.9914847141E-04
    61    92    7.2669526226E-05
    61    93    1.9944272045E-04
    61    94    7.8093713427E-05
    61    95    1.9749608620E-04
    61    96    5.6232274562E-05
    62    88    1.4679974251E-06
    62    89    2.2199040973E-05
    62    90    6.8222482402E-06
    62    91    2.2709177533E-05
    62    92    7.5829772235E-06
    62    93    2.3164378320E-05
    62    94    8.2313986564E-06
    62    95    2.3343185209E-05
