     0     1    2.9868984910E+00
    30    47    5.0130357551E-08
    30    48    2.5324515778E-03
    31    45    2.3520314084E-09
    31    46    1.8860737720E-02
    31    47    6.0375532920E-02
    31    48    1.9121376528E-02
    31    49    6.0013487527E-02
    31    50    2.0135447280E-02
    31    51    5.8867696246E-02
    31    52    1.9472435098E-02
    32    45    2.1004467206E-08
    32    46    2.9909277833E-03
    32    47    1.5988908060E-02
    32    48    3.2197949467E-03
    32    49    2.2597865717E-02
    32    50    5.9323469288E-03
    32    51    2.1712487712E-02
    32    52    6.8256051568E-03
    32    53    2.1141238013E-02
    32    54    6.3300613306E-03
    32    55    5.2453338497E-03
    33    46    1.7929935338E-06
    33    47    3.6776662505E-02
    33    48    1.2588876352E-02
    33    49    4.9676520412E-02
    33    50    1.7592563258E-02
    33    51    4.8636466311E-02
    33    52    1.8522076592E-02
    33    53    4.7525841708E-02
    33    54    1.9704255838E-02
    33    55    4.6095182785E-02
    33    56    1.8875648060E-02
    33    57    1.0814783542E-02
    34    46    4.0860091641E-06
    34    47    8.9754645443E-03
    34    48    2.4532284534E-03
    34    49    1.1345750202E-02
    34    50    2.9528864949E-03
    34    51    1.1132037619E-02
    34    52    3.2743771849E-03
    34    53    1.1018288175E-02
    34    54    3.6862801472E-03
    34    55    1.0758417643E-02
    34    56    4.2156943159E-03
    34    57    1.0323940294E-02
    34    58    3.4092791225E-03
    34    59    1.7457390736E-03
    34    60    4.8595647127E-04
    35    47    4.5333545633E-08
    35    48    6.0305616973E-03
    35    49    2.2828206220E-02
    35    50    7.5674074954E-03
    35    51    2.2466833287E-02
    35    52    7.9189938479E-03
    35    53    2.2087447456E-02
    35    54    8.3179816890E-03
    35    55    2.1601676166E-02
    35    56    8.8340889916E-03
    35    57    2.0910925884E-02
    35    58    9.5325153760E-03
    35    59    1.9867349765E-02
    35    60    2.0864856005E-03
    35    61    3.1379473350E-03
    36    48    4.9531532212E-06
    36    49    3.6631295305E-03
    36    50    9.9765355043E-04
    36    51    4.1418526366E-03
    36    52    1.1126917091E-03
    36    53    4.1390126057E-03
    36    54    1.2607190328E-03
    36    55    4.0753298425E-03
    36    56    1.4146569516E-03
    36    57    3.9730910864E-03
    36    58    1.6001406792E-03
    36    59    3.8071597987E-03
    36    60    1.1426369110E-03
    36    61    3.9783352808E-04
    36    62    2.6781401831E-04
    36    63    3.4517193666E-04
    37    49    2.2002338019E-07
    37    50    2.8150527791E-04
    37    51    7.7816315846E-03
    37    52    2.4211123436E-03
    37    53    7.7063426500E-03
    37    54    2.5486262919E-03
    37    55    7.5849381767E-03
    37    56    2.7381975373E-03
    37    57    7.3605934670E-03
    37    58    3.2001379435E-03
    37    59    3.3048481497E-02
    37    60    1.0004752487E-02
    37    61    2.4526068964E-02
    37    62    4.8160490742E-03
    37    63    1.4050989815E-02
    37    64    3.7912555493E-03
    38    50    3.0329001522E-06
    38    51    5.5974638093E-05
    38    52    2.4245451389E-04
    38    53    1.0336413874E-03
    38    54    2.7566818344E-04
    38    55    1.0354895252E-03
    38    56    3.9687179674E-04
    38    57    8.0716534179E-03
    38    58    1.7330469157E-03
    38    59    6.0806376779E-03
    38    60    1.3025725027E-03
    38    61    3.7343999985E-03
    38    62    1.0570212511E-03
    38    63    2.7773220233E-03
    38    64    9.5893200550E-04
    38    65    2.7209374897E-03
    38    66    1.1344240341E-03
    38    67    2.5148497891E-03
    39    51    1.8126424459E-07
    39    52    2.0041807929E-05
    39    53    8.7056618805E-05
    39    54    5.0110352008E-04
    39    55    1.7708231221E-03
    39    56    6.0773040096E-04
    39    57    1.6673767579E-02
    39    58    4.5275904470E-03
    39    59    1.2055219623E-02
    39    60    3.0190683748E-03
    39    61    9.6341988953E-03
    39    62    3.0397152483E-03
    39    63    7.9810905666E-03
    39    64    2.8492152124E-03
    39    65    7.7773658098E-03
    39    66    3.0875592379E-03
    39    67    7.5707037933E-03
    39    68    2.4640704596E-03
    40    53    8.9271918529E-09
    40    54    6.9460610535E-07
    40    55    3.7065766390E-06
    40    56    7.7548239731E-05
    40    57    2.6348014485E-03
    40    58    4.6052830257E-04
    40    59    1.5368819531E-03
    40    60    3.9045399120E-04
    40    61    1.5495604564E-03
    40    62    4.2123145221E-04
    40    63    1.4035539845E-03
    40    64    4.5201431731E-04
    40    65    1.3866001504E-03
    40    66    5.2002885988E-04
    40    67    1.4783661621E-03
    40    68    9.3952837688E-04
    40    69    2.6653083202E-03
    40    70    8.5465237271E-04
    41    54    2.5072687135E-07
    41    55    3.9118301209E-06
    41    56    9.3276814629E-07
    41    57    5.5900817983E-06
    41    58    8.8556303892E-04
    41    59    3.3416406497E-03
    41    60    9.9582526322E-04
    41    61    3.3445076905E-03
    41    62    1.0207118270E-03
    41    63    3.3328320125E-03
    41    64    1.1085497094E-03
    41    65    3.2886539579E-03
    41    66    1.3191540211E-03
    41    67    4.7006860468E-03
    41    68    2.3997420624E-03
    41    69    6.4424439553E-03
    41    70    2.4909963893E-03
    42    56    5.7931675200E-09
    42    57    4.5401967519E-07
    42    58    8.8450889853E-05
    42    59    4.3068843781E-04
    42    60    1.0082552021E-04
    42    61    4.4291141474E-04
    42    62    1.1545438144E-04
    42    63    4.5189296302E-04
    42    64    1.3463765924E-04
    42    65    4.9394618375E-04
    42    66    2.5785572028E-04
    42    67    9.2813884871E-04
    42    68    4.3214505378E-04
    42    69    1.2667767267E-03
    42    70    6.0194413848E-04
    42    71    1.5059596201E-03
    42    72    7.7172631912E-04
    42    73    2.1862751104E-03
    43    57    1.8925539581E-10
    43    58    1.6248051715E-05
    43    59    8.9876671550E-04
    43    60    2.3134493747E-04
    43    61    9.1294570033E-04
    43    62    2.5234158011E-04
    43    63    9.2025130496E-04
    43    64    3.1253373907E-04
    43    65    1.3937302932E-03
    43    66    6.0632862014E-04
    43    67    2.0269067477E-03
    43    68    8.6489721008E-04
    43    69    2.4755779839E-03
    43    70    1.1205783349E-03
    43    71    2.7607108978E-03
    43    72    1.3408336623E-03
    43    73    2.9486212897E-03
    43    74    1.5623999012E-03
    43    75    3.0009789518E-03
    44    59    1.1457285673E-07
    44    60    1.6457469983E-05
    44    61    8.1344066137E-05
    44    62    1.9444936888E-05
    44    63    9.2744255291E-05
    44    64    3.9745171207E-05
    44    65    1.9178543023E-04
    44    66    7.2575935343E-05
    44    67    2.7552878194E-04
    44    68    1.0722800383E-04
    44    69    3.4019713564E-04
    44    70    1.4011856732E-04
    44    71    3.9042366382E-04
    44    72    1.7367008483E-04
    44    73    4.2725962265E-04
    44    74    1.1706744719E-04
    45    61    2.7894192871E-07
    45    62    4.0086159719E-05
    45    63    2.3630589744E-04
    45    64    8.6285956306E-05
    45    65    3.7421462511E-04
    45    66    1.3316604232E-04
    45    67    4.8417859883E-04
    45    68    1.7911089435E-04
    45    69    5.6347054928E-04
    45    70    2.2439712034E-04
    45    71    6.1947184211E-04
    45    72    2.6527726869E-04
    45    73    6.5251429970E-04
    45    74    6.2043043166E-07
    46    62    8.2969792170E-07
    46    63    1.9815995624E-05
    46    64    6.1790814017E-06
    46    65    3.0935134784E-05
    46    66    9.6858914389E-06
    46    67    4.0757257005E-05
    46    68    1.3361008072E-05
    46    69    4.9700436627E-05
    46    70    1.1156522867E-05
    46    71    4.7189980434E-07
    46    72    1.6600623826E-07
    46    73    4.8124030046E-07
    46    74    1.3077558240E-07
    46    75    4.7967172651E-07
    46    76    3.2354843158E-09
    47    69    1.1633137931E-08
    47    70    5.2595000703E-07
    47    71    1.7906596816E-06
    47    72    6.0220670294E-07
    47    73    1.8133518813E-06
    47    74    6.4466793331E-07
    47    75    1.8066391614E-06
    47    76    9.0500037977E-08
    47    77    2.3096909893E-07
    47    78    2.9656724146E-09
    48    71    2.7108199352E-10
    48    72    2.7010157011E-08
    48    73    1.6709594782E-07
    48    74    3.8533078778E-09
    48    75    1.9192997815E-08
    48    76    2.6461417423E-10
    48    77    5.6941443809E-07
    48    78    1.4214201791E-04
    48    79    9.8377483208E-04
    48    80    3.4984165916E-04
    48    81    2.0878230817E-03
    48    82    8.7320535331E-04
    48    83    1.6794585402E-03
    48    84    2.0841597104E-03
    49    73    7.3800806006E-10
    49    74    1.1825899728E-05
    49    75    4.8998842339E-03
    49    76    9.4496866610E-04
    49    77    5.2283860768E-03
    49    78    1.0938782912E-03
    49    79    1.2308116513E-02
    49    80    2.5224156915E-03
    49    81    1.1891514024E-02
    49    82    4.0313571580E-03
    49    83    1.1378533018E-02
    49    84    5.0156866514E-03
    49    85    1.3957405740E-02
    49    86    4.0806840605E-03
    50    73    4.8370520281E-08
    50    74    1.0330868738E-04
    50    75    9.1308068842E-04
    50    76    1.1645015697E-04
    50    77    1.0015334687E-03
    50    78    3.9014059347E-04
    50    79    2.4723618704E-03
    50    80    3.9051607951E-04
    50    81    2.4888440432E-03
    50    82    7.8601094751E-04
    50    83    2.4770975062E-03
    50    84    9.9248218111E-04
    50    85    3.7102641990E-03
    50    86    1.3402644811E-03
    50    87    4.2820307483E-03
    51    72    1.4511223280E-06
    51    73    4.8814935688E-03
    51    74    9.1483980977E-04
    51    75    5.2233177861E-03
    51    76    1.0083503931E-03
    51    77    5.7220591827E-03
    51    78    2.5461080718E-03
    51    79    1.1740200019E-02
    51    80    2.5960537662E-03
    51    81    1.2628581144E-02
    51    82    3.5690418559E-03
    51    83    1.5309213260E-02
    51    84    5.1522163375E-03
    51    85    2.0599526898E-02
    51    86    5.8392518794E-03
    51    87    1.9995684651E-02
    51    88    2.6539016595E-02
    52    73    9.5151506078E-09
    52    74    1.0802905435E-04
    52    75    9.9528363355E-04
    52    76    1.2307122410E-04
    52    77    1.1276965965E-03
    52    78    3.6838584422E-04
    52    79    2.4342982180E-03
    52    80    3.8892968788E-04
    52    81    2.7843397645E-03
    52    82    6.4305264886E-04
    52    83    3.9820767528E-03
    52    84    8.4698760377E-04
    52    85    4.1664747970E-03
    52    86    9.7762586521E-04
    52    87    4.0732592068E-03
    52    88    1.1538958760E-03
    52    89    3.9436213891E-03
    52    90    1.4078208740E-03
    53    77    4.1248048758E-07
    53    78    2.2974912692E-03
    53    79    1.1447280420E-02
    53    80    2.6757687515E-03
    53    81    1.4803394830E-02
    53    82    4.2903753179E-03
    53    83    2.0161245840E-02
    53    84    4.6754416750E-03
    53    85    1.9935026611E-02
    53    86    4.8834660005E-03
    53    87    1.9678436514E-02
    53    88    5.2382919287E-03
    53    89    1.9343219258E-02
    53    90    4.8858810319E-03
    53    91    5.4591333865E-03
    54    77    4.4976147574E-09
    54    78    1.7789681273E-04
    54    79    2.4524401873E-03
    54    80    3.8794364842E-04
    54    81    3.8259392872E-03
    54    82    5.8968199619E-04
    54    83    4.0388049016E-03
    54    84    6.3996198193E-04
    54    85    4.0472513659E-03
    54    86    7.2082930852E-04
    54    87    4.0585413842E-03
    54    88    8.1670265172E-04
    54    89    4.0253164546E-03
    54    90    7.7633835837E-04
    54    91    2.3904889517E-03
    54    92    8.0176359599E-04
    55    79    4.3353330929E-07
    55    80    3.6435856417E-03
    55    81    1.9043734705E-02
    55    82    4.0335576576E-03
    55    83    1.8916693644E-02
    55    84    4.1253790747E-03
    55    85    1.8851309756E-02
    55    86    4.2609524566E-03
    55    87    1.8808948414E-02
    55    88    4.4461172854E-03
    55    89    1.4249578873E-02
    55    90    3.0249899104E-03
    55    91    9.5426765924E-03
    55    92    7.1104509007E-04
    55    93    1.3076937245E-03
    55    94    7.5518769693E-04
    55    95    1.1940544952E-03
    55    96    3.7904080602E-04
    56    80    4.4721631798E-08
    56    81    3.4364194343E-03
    56    82    4.6899980967E-04
    56    83    3.7814643065E-03
    56    84    5.0349626928E-04
    56    85    3.8261913760E-03
    56    86    5.4414332528E-04
    56    87    3.8697318758E-03
    56    88    4.9889530311E-04
    56    89    2.2845447171E-03
    56    90    4.2683089892E-04
    56    91    1.7218694691E-03
    56    92    1.2121379580E-04
    56    93    2.4065238587E-04
    56    94    1.3317009283E-04
    56    95    2.2859178501E-04
    56    96    1.4028435804E-04
    56    97    2.0903655790E-04
    57    83    2.8699376052E-06
    57    84    3.7697409517E-03
    57    85    1.7935512301E-02
    57    86    3.8640446732E-03
    57    87    1.3540192156E-02
    57    88    2.4008639991E-03
    57    89    8.9721030572E-03
    57    90    2.6903105816E-04
    57    91    6.4024114213E-04
    57    92    2.8848722975E-04
    57    93    6.1505538904E-04
    57    94    3.1039609480E-04
    57    95    5.8708997571E-04
    57    96    3.2540730260E-04
    57    97    5.6592148293E-04
    57    98    1.7071563475E-04
    58    84    7.8137813231E-06
    58    85    1.0203106159E-04
    58    86    3.2165543030E-05
    58    87    1.0034991628E-04
    58    88    3.5089551230E-05
    58    89    9.9210973434E-05
    58    90    3.7339571425E-05
    58    91    9.8310460215E-05
    58    92    4.0833947259E-05
    58    93    9.5958194524E-05
    58    94    4.4862587918E-05
    58    95    9.3141734323E-05
    58    96    4.9246745162E-05
    58    97    8.9672551552E-05
    58    98    2.2930692230E-05
    58    99    2.9090257230E-07
    59    86    1.5909855431E-05
    59    87    2.3162427792E-04
    59    88    7.9613594563E-05
    59    89    2.2692675856E-04
    59    90    8.5254524445E-05
    59    91    2.2222011812E-04
    59    92    8.9406928783E-05
    59    93    2.1871857989E-04
    59    94    9.6121110540E-05
    59    95    2.1213094751E-04
    59    96    1.0391340921E-04
    59    97    2.0456651063E-04
    59    98    1.0918609933E-04
    59    99    1.9303937371E-04
    59   100    1.0267047566E-07
    60    87    1.8381803884E-07
    60    88    8.2373013536E-06
    60    89    2.7391122595E-05
    60    90    9.2739703798E-06
    60    91    2.7300678210E-05
    60    92    9.9779334898E-06
    60    93    2.7450841914E-05
    60    94    1.0979794168E-05
    60    95    2.7211711064E-05
    60    96    1.2080425603E-05
    60    97    2.6737085954E-05
    60    98    1.2955583861E-05
    60    99    2.6468195106E-05
    60   100    6.3535291176E-06
    60   101    2.1658374859E-08
    61    90    5.5896801196E-06
    61    91    5.6238919100E-05
    61    92    2.0034417244E-05
    61    93    5.6303974647E-05
    61    94    2.1674167470E-05
    61    95    5.5660396402E-05
    61    96    2.3462767914E-05
    61    97    5.4706678223E-05
    61    98    2.5419089802E-05
    61    99    5.2131683843E-05
    61   100    1.4800219829E-08
    61   101    2.9052382864E-08
    62    92    6.5756577086E-07
    62    93    5.3745904046E-06
    62    94    1.8639719321E-06
    62    95    5.4926783547E-06
    62    96    2.0720770473E-06
    62    97    5.5341845229E-06
    62    98    2.2985253845E-06
    62    99    5.4223413287E-06
    62   100    4.2747628665E-10
    62   101    1.0316894848E-09
    62   102    1.7286970530E-10
    63    95    1.0455586375E-11
    63    96    3.4859820655E-10
    63    97    1.1095352588E-09
    63    98    4.0224465612E-10
    63    99    1.1494860339E-09
    63   100    4.5999729207E-10
    63   101    1.1737700527E-09
    63   102    2.0244032778E-10
    64    99    2.6711331714E-13
    64   100    3.6506015490E-12
