     0     1    2.7790591207E+00
    30    43    1.5929756936E-09
    30    44    2.4015693467E-03
    30    45    2.3226490269E-02
    30    46    2.5966679305E-03
    30    47    2.3615747803E-02
    30    48    2.7572547716E-03
    31    44    3.7868262280E-07
    31    45    7.2916177591E-02
    31    46    2.1933189712E-02
    31    47    7.2466760435E-02
    31    48    3.3467998326E-02
    31    49    1.0628675290E-01
    31    50    3.3736352733E-02
    32    43    4.9829873834E-09
    32    44    3.1659080035E-03
    32    45    1.8427801662E-02
    32    46    4.8855388594E-03
    32    47    2.6172902263E-02
    32    48    5.2015625789E-03
    32    49    2.6471093934E-02
    32    50    6.8548677666E-03
    32    51    2.5371098909E-02
    32    52    7.9282962560E-03
    32    53    2.4630108734E-02
    32    54    1.6736483730E-03
    33    45    3.0754123208E-07
    33    46    1.9113249134E-02
    33    47    5.9986110333E-02
    33    48    1.9472383667E-02
    33    49    5.9651598910E-02
    33    50    2.0735998293E-02
    33    51    5.8345925953E-02
    33    52    2.1889837996E-02
    33    53    5.6957920180E-02
    33    54    2.1677213038E-02
    33    55    1.3748728869E-02
    33    56    4.7560293595E-03
    34    45    2.2717805093E-07
    34    46    2.6319727961E-03
    34    47    1.3107718806E-02
    34    48    2.8114197363E-03
    34    49    1.3322986710E-02
    34    50    3.4164453058E-03
    34    51    1.3056674782E-02
    34    52    3.8016324606E-03
    34    53    1.2915064030E-02
    34    54    4.2940425589E-03
    34    55    1.2597185282E-02
    34    56    3.7228841038E-03
    34    57    2.2168266740E-03
    34    58    5.6650319813E-04
    35    46    1.1054837295E-05
    35    47    2.7379984915E-02
    35    48    8.3740053345E-03
    35    49    2.7323613223E-02
    35    50    8.9097246495E-03
    35    51    2.6875273579E-02
    35    52    9.3410886344E-03
    35    53    2.6406009831E-02
    35    54    9.8354537275E-03
    35    55    2.5803841161E-02
    35    56    1.0460317986E-02
    35    57    2.4949371339E-02
    35    58    9.5670277868E-03
    35    59    4.0942209190E-03
    35    60    1.3096208496E-03
    36    47    1.9221415771E-07
    36    48    9.7554395908E-04
    36    49    4.8558808152E-03
    36    50    1.1536770156E-03
    36    51    4.8536902392E-03
    36    52    1.2911291441E-03
    36    53    4.8524195598E-03
    36    54    1.4679655173E-03
    36    55    4.7742846255E-03
    36    56    1.6500176425E-03
    36    57    4.6498825964E-03
    36    58    1.8674320805E-03
    36    59    4.4096104805E-03
    36    60    2.7506196160E-04
    36    61    4.6201775464E-04
    36    62    1.1056133005E-04
    37    48    5.4317119174E-06
    37    49    9.9495795120E-04
    37    50    2.6945422869E-03
    37    51    9.2622549956E-03
    37    52    2.8460575695E-03
    37    53    9.1694989659E-03
    37    54    3.0064795009E-03
    37    55    9.0385089783E-03
    37    56    3.2369185799E-03
    37    57    8.7664857968E-03
    37    58    1.5066247770E-02
    37    59    4.1962351192E-02
    37    60    1.2177353091E-02
    37    61    2.5985330639E-02
    37    62    5.7044611052E-03
    37    63    7.1600096608E-04
    38    49    2.9394953224E-08
    38    50    3.6808254397E-05
    38    51    1.1871691351E-03
    38    52    2.8069881544E-04
    38    53    1.2073265455E-03
    38    54    3.2010421178E-04
    38    55    1.2128140830E-03
    38    56    2.4804002790E-03
    38    57    1.0109744714E-02
    38    58    2.2145130295E-03
    38    59    8.0453329617E-03
    38    60    1.7894989824E-03
    38    61    5.1783651080E-03
    38    62    7.3155445461E-04
    38    63    1.9636374294E-03
    38    64    3.7301805436E-04
    38    65    5.1121917681E-05
    39    50    3.7302394575E-06
    39    51    9.9563791535E-05
    39    52    5.4825474018E-04
    39    53    2.1051148665E-03
    39    54    5.8762968113E-04
    39    55    2.0958585042E-03
    39    56    7.2766024160E-03
    39    57    2.1306576657E-02
    39    58    6.0029048658E-03
    39    59    1.6585370618E-02
    39    60    4.1719020120E-03
    39    61    9.6177483529E-03
    39    62    2.5121599636E-03
    39    63    6.2858207398E-03
    39    64    2.2395709047E-03
    39    65    6.0988544262E-03
    39    66    1.6311972985E-03
    40    51    6.2252179097E-09
    40    52    6.5270611245E-07
    40    53    3.9202718267E-06
    40    54    3.9506783136E-05
    40    55    1.7966497567E-04
    40    56    8.9995492509E-04
    40    57    3.5316088460E-03
    40    58    6.6511627021E-04
    40    59    2.2074419620E-03
    40    60    3.4963333692E-04
    40    61    1.1557030034E-03
    40    62    3.1077809936E-04
    40    63    9.8497505020E-04
    40    64    3.2327429638E-04
    40    65    9.7082488335E-04
    40    66    3.8265469809E-04
    40    67    1.0854933552E-03
    40    68    4.2442141317E-04
    41    53    1.0039385318E-08
    41    54    9.4603152596E-07
    41    55    4.6142765175E-06
    41    56    5.2678413290E-05
    41    57    6.4192893770E-03
    41    58    1.3590558969E-03
    41    59    3.4250331868E-03
    41    60    7.7313433626E-04
    41    61    2.8205483584E-03
    41    62    8.1153173514E-04
    41    63    2.5501802096E-03
    41    64    8.3137996592E-04
    41    65    2.5111172087E-03
    41    66    1.0833390506E-03
    41    67    4.3560282654E-03
    41    68    2.4158750908E-03
    41    69    6.7050713242E-03
    42    54    4.7139948525E-09
    42    55    8.4758393946E-08
    42    56    1.1081590102E-05
    42    57    6.1392792811E-04
    42    58    7.3798655001E-05
    42    59    2.9255105686E-04
    42    60    7.0744315710E-05
    42    61    3.1578732658E-04
    42    62    7.9899500172E-05
    42    63    3.0811603277E-04
    42    64    9.3219212704E-05
    42    65    3.5448701442E-04
    42    66    2.3008915196E-04
    42    67    8.7668569443E-04
    42    68    4.3673691183E-04
    42    69    1.3086508098E-03
    42    70    3.8479171847E-04
    43    56    4.8917898801E-09
    43    57    5.5866128469E-07
    43    58    1.4524186140E-04
    43    59    6.5078586236E-04
    43    60    1.6020893289E-04
    43    61    6.6234598620E-04
    43    62    1.7797918919E-04
    43    63    6.7274862009E-04
    43    64    2.4237580914E-04
    43    65    1.2513442566E-03
    43    66    5.9037288283E-04
    43    67    2.0818464088E-03
    43    68    9.1235085485E-04
    43    69    2.6779538176E-03
    43    70    1.2270062311E-03
    43    71    3.0577145488E-03
    43    72    1.0507965899E-03
    44    57    1.2702368047E-12
    44    58    1.5728211370E-06
    44    59    4.9757617925E-05
    44    60    1.0324125266E-05
    44    61    5.2692142720E-05
    44    62    1.2584003091E-05
    44    63    6.4117146053E-05
    44    64    3.3889711317E-05
    44    65    1.7675384754E-04
    44    66    7.1316964096E-05
    44    67    2.7991040317E-04
    44    68    1.1202626521E-04
    44    69    3.6101110687E-04
    44    70    1.5094377891E-04
    44    71    4.2403192529E-04
    44    72    1.9030665676E-04
    44    73    4.6239680303E-04
    45    59    1.1915616022E-07
    45    60    2.0188729540E-05
    45    61    9.7147761557E-05
    45    62    2.9028766652E-05
    45    63    2.0275814366E-04
    45    64    8.1122847991E-05
    45    65    3.7611571064E-04
    45    66    1.3725112913E-04
    45    67    5.1227733696E-04
    45    68    1.9187638543E-04
    45    69    6.1372865329E-04
    45    70    2.4604477708E-04
    45    71    6.8562573830E-04
    45    72    2.9493425889E-04
    45    73    7.2919562979E-04
    46    61    2.0507058911E-08
    46    62    2.4485260080E-06
    46    63    1.7677334899E-05
    46    64    5.8926058300E-06
    46    65    3.0753766242E-05
    46    66    9.9687849212E-06
    46    67    4.2863404910E-05
    46    68    1.4086048425E-05
    46    69    5.3097754904E-05
    46    70    1.8761745055E-05
    46    71    6.0611708673E-05
    46    72    9.4658200934E-08
    46    73    3.5985162290E-07
    46    74    4.6700690666E-08
    46    75    1.7524625325E-07
    47    63    8.1723688301E-08
    47    64    9.8739223585E-06
    47    65    4.8660722997E-05
    47    66    1.4790176449E-05
    47    67    6.2346936461E-05
    47    68    1.5031040377E-05
    47    69    1.5058635545E-06
    47    70    4.5398354877E-07
    47    71    1.5618150434E-06
    47    72    5.2120067521E-07
    47    73    1.5757082818E-06
    47    74    3.2857326382E-07
    47    75    1.1598446142E-06
    47    76    3.5964110442E-08
    47    77    9.6919942117E-08
    48    68    1.5129464233E-08
    48    69    1.8579206693E-07
    48    70    2.9954221227E-08
    48    71    1.9920128976E-07
    48    72    9.8158570227E-09
    48    73    6.1572933073E-08
    48    74    1.3762418907E-09
    48    75    6.9320678201E-09
    48    76    5.8226437398E-11
    48    77    8.0178998042E-07
    48    78    1.3131002708E-04
    48    79    1.0918825005E-03
    48    80    2.2705216864E-04
    48    81    1.0670746247E-03
    48    82    8.9822677095E-05
    49    70    6.6216172408E-08
    49    71    8.3707191022E-07
    49    72    1.1698721726E-07
    49    73    6.6834681245E-07
    49    74    2.3451415824E-05
    49    75    2.7593578024E-03
    49    76    6.0152967886E-04
    49    77    6.9893093923E-03
    49    78    1.3777181351E-03
    49    79    6.3244409278E-03
    49    80    1.4109495369E-03
    49    81    6.4935381960E-03
    49    82    2.7411454568E-03
    49    83    6.6577903850E-03
    49    84    1.7652794636E-03
    50    72    4.1084491865E-06
    50    73    4.6765539483E-04
    50    74    6.5289091728E-05
    50    75    5.0782046666E-04
    50    76    2.1246813315E-04
    50    77    1.2736863401E-03
    50    78    2.0864636265E-04
    50    79    1.2242692843E-03
    50    80    2.2758244106E-04
    50    81    1.3336409842E-03
    50    82    5.4000241044E-04
    50    83    1.5471052801E-03
    50    84    7.9240967426E-04
    50    85    2.4697029561E-03
    50    86    3.2958879450E-04
    51    72    4.6128873238E-06
    51    73    2.7620963243E-03
    51    74    5.1891279647E-04
    51    75    3.0013850745E-03
    51    76    1.3259246849E-03
    51    77    6.2660667946E-03
    51    78    1.3060914938E-03
    51    79    6.4925208938E-03
    51    80    1.4502426605E-03
    51    81    7.7783397289E-03
    51    82    2.5246068661E-03
    51    83    1.3143526457E-02
    51    84    3.8363284417E-03
    51    85    1.4094390301E-02
    51    86    4.2528824592E-03
    51    87    1.3586627609E-02
    51    88    3.8728619199E-04
    52    73    3.2920667030E-08
    52    74    6.6696023938E-05
    52    75    5.6756029846E-04
    52    76    1.8236212128E-04
    52    77    1.1855894301E-03
    52    78    1.9041096899E-04
    52    79    1.3094472915E-03
    52    80    2.2262739832E-04
    52    81    1.7905924990E-03
    52    82    4.9655301600E-04
    52    83    2.7003020079E-03
    52    84    5.9567308491E-04
    52    85    2.6558605854E-03
    52    86    7.0037841282E-04
    52    87    2.5889839820E-03
    52    88    4.6707533346E-04
    52    89    2.6455651533E-04
    53    75    5.1337809737E-08
    53    76    6.7808292855E-04
    53    77    5.8542363672E-03
    53    78    1.2698838033E-03
    53    79    7.2145248073E-03
    53    80    1.7645131018E-03
    53    81    1.3151328126E-02
    53    82    3.0676500789E-03
    53    83    1.4175343251E-02
    53    84    3.2563974031E-03
    53    85    1.4093783083E-02
    53    86    3.4452223320E-03
    53    87    1.3800994480E-02
    53    88    3.2257734000E-03
    53    89    7.4573716696E-03
    53    90    6.1403794688E-04
    53    91    9.6749124264E-04
    54    76    4.8771346973E-06
    54    77    1.1481277993E-03
    54    78    1.7888515965E-04
    54    79    1.6395019159E-03
    54    80    2.9265688738E-04
    54    81    2.6936497228E-03
    54    82    3.9656075550E-04
    54    83    2.6630669988E-03
    54    84    4.4466884754E-04
    54    85    2.6742408256E-03
    54    86    5.0383337448E-04
    54    87    2.1736408301E-03
    54    88    4.1123117132E-04
    54    89    1.1482106455E-03
    54    90    1.0754036817E-04
    54    91    1.9010797357E-04
    54    92    4.3768225956E-05
    55    77    3.2647116464E-07
    55    78    1.5601071836E-03
    55    79    1.2415384794E-02
    55    80    2.6132043991E-03
    55    81    1.3704182648E-02
    55    82    2.7436029677E-03
    55    83    1.3619434800E-02
    55    84    2.8348785803E-03
    55    85    1.3592910712E-02
    55    86    2.5048959254E-03
    55    87    7.4728888509E-03
    55    88    1.6229690819E-03
    55    89    4.9142012032E-03
    55    90    1.1119662156E-03
    55    91    6.2388316103E-04
    55    92    3.3800095294E-04
    55    93    5.7387936658E-04
    55    94    1.6300362976E-04
    56    79    1.0882222540E-07
    56    80    2.8523692883E-04
    56    81    2.5531647615E-03
    56    82    3.1943729553E-04
    56    83    2.5788300917E-03
    56    84    3.5273133845E-04
    56    85    2.1225641456E-03
    56    86    2.6294951302E-04
    56    87    1.1269661944E-03
    56    88    2.3061248302E-04
    56    89    8.4590137307E-04
    56    90    1.4908333071E-04
    56    91    1.0211358205E-04
    56    92    5.1832607865E-05
    56    93    9.7801276807E-05
    56    94    5.6550706896E-05
    56    95    8.8848549931E-05
    57    80    4.1748223276E-06
    57    81    3.3825143194E-04
    57    82    2.5534617130E-03
    57    83    1.3141896929E-02
    57    84    2.1612142612E-03
    57    85    7.1678100908E-03
    57    86    1.2428993102E-03
    57    87    4.7068030499E-03
    57    88    1.0287393485E-03
    57    89    3.7582619260E-03
    57    90    7.9860216057E-04
    57    91    2.8058568497E-04
    57    92    1.3125339162E-04
    57    93    2.6896708688E-04
    57    94    1.4176408121E-04
    57    95    2.5616884059E-04
    57    96    7.0545935555E-05
    58    82    3.0309974026E-06
    58    83    4.0185352577E-05
    58    84    1.9255534609E-04
    58    85    1.0787650969E-03
    58    86    1.5664781231E-04
    58    87    8.1063285414E-04
    58    88    1.1620344432E-04
    58    89    3.8853493196E-05
    58    90    1.4944512514E-05
    58    91    3.8588707847E-05
    58    92    1.6407161042E-05
    58    93    3.7707833224E-05
    58    94    1.8078541884E-05
    58    95    3.6634039938E-05
    58    96    1.9845438867E-05
    58    97    3.4139817928E-05
    59    83    4.4977903116E-07
    59    84    2.8545950956E-05
    59    85    9.7753490977E-05
    59    86    3.0514086273E-05
    59    87    9.6853396063E-05
    59    88    3.3405350833E-05
    59    89    9.4911635430E-05
    59    90    3.5985997086E-05
    59    91    9.3001209769E-05
    59    92    3.7881528376E-05
    59    93    9.1556807530E-05
    59    94    4.0898295041E-05
    59    95    8.8742066752E-05
    59    96    4.4367404485E-05
    59    97    8.5544841233E-05
    59    98    2.2603731160E-05
    60    85    5.5067644145E-08
    60    86    2.7641006277E-06
    60    87    1.0090164564E-05
    60    88    3.0567955657E-06
    60    89    1.0222609102E-05
    60    90    3.4616216103E-06
    60    91    1.0208533911E-05
    60    92    3.7399413968E-06
    60    93    1.0292475902E-05
    60    94    4.1326324660E-06
    60    95    1.0223527161E-05
    60    96    4.5627673417E-06
    60    97    1.0062067912E-05
    60    98    4.9057929949E-06
    60    99    9.7206763512E-06
    61    87    1.3246970504E-07
    61    88    6.6435112754E-06
    61    89    2.2257136756E-05
    61    90    7.3616795492E-06
    61    91    2.2164549900E-05
    61    92    7.8464145058E-06
    61    93    2.2232711739E-05
    61    94    8.5332588284E-06
    61    95    2.2013948351E-05
    61    96    9.2756965472E-06
    61    97    2.1663689630E-05
    61    98    1.0084792988E-05
    61    99    2.1127472371E-05
    61   100    5.2297705694E-06
    62    89    1.2319715060E-08
    62    90    5.3021465753E-07
    62    91    1.8581927271E-06
    62    92    5.9641063221E-07
    62    93    1.9054167187E-06
    62    94    6.5320977456E-07
    62    95    1.9530723374E-06
    62    96    7.2942240872E-07
    62    97    1.9730272417E-06
    62    98    8.1238839023E-07
    62    99    1.9750555580E-06
    62   100    4.0771218253E-07
    63    91    2.6877960048E-08
    63    92    1.1262504970E-06
    63    93    3.6802291063E-06
    63    94    1.2448196375E-06
    63    95    3.7296125119E-06
    63    96    1.3429509432E-06
    63    97    3.7813091926E-06
    63    98    1.4751371257E-06
    63    99    3.7781463717E-06
    63   100    8.3833696583E-07
    63   101    3.5627688169E-10
    63   102    5.8183149028E-11
    64    95    2.1625668875E-09
    64    96    7.9201913451E-08
    64    97    2.5446112415E-07
    64    98    4.6838590284E-08
    64    99    7.0368929596E-12
    64   100    2.4182078865E-12
    64   101    7.4408015320E-12
    65    97    4.8912534179E-14
    65    98    1.8874695508E-12
    65    99    6.9529833686E-12
    65   100    2.2109640372E-12
    65   101    7.5367639647E-12
    65   102    1.0802838810E-12
