     0     1    9.3102973133E+00
    30    43    6.5239076452E-09
    30    44    2.8012890044E-03
    30    45    4.7934079321E-08
    30    46    3.0559415537E-03
    31    43    2.0602164839E-09
    31    44    3.4395222024E-02
    31    45    1.3640014455E-01
    31    46    3.5194288381E-02
    31    47    1.3577899400E-01
    31    48    3.5893479570E-02
    31    49    1.3512043423E-01
    32    43    1.7137753233E-08
    32    44    4.3712968079E-03
    32    45    3.0380994042E-02
    32    46    4.7189481759E-03
    32    47    3.1008999308E-02
    32    48    5.0624427508E-03
    32    49    3.1510869343E-02
    32    50    6.9203283479E-03
    32    51    3.0412757213E-02
    32    52    5.4773706070E-03
    33    44    1.9764854928E-06
    33    45    8.3933946386E-02
    33    46    2.4314699437E-02
    33    47    8.3676043398E-02
    33    48    2.4842303631E-02
    33    49    8.3349180625E-02
    33    50    2.6290316043E-02
    33    51    8.1997728288E-02
    33    52    2.7849760140E-02
    33    53    8.0350153419E-02
    33    54    2.5730891311E-02
    34    45    8.6970166833E-08
    34    46    3.1684829050E-03
    34    47    1.7751953074E-02
    34    48    3.4623706907E-03
    34    49    2.2392951034E-02
    34    50    5.4018887918E-03
    34    51    2.1903708576E-02
    34    52    6.1415152157E-03
    34    53    2.1707742566E-02
    34    54    6.3086823681E-03
    34    55    1.7349655224E-02
    34    56    3.9394488459E-03
    35    46    5.5278110645E-06
    35    47    4.1367316038E-02
    35    48    1.1914685763E-02
    35    49    5.0277968279E-02
    35    50    1.5183382298E-02
    35    51    4.9472620889E-02
    35    52    1.6154349075E-02
    35    53    4.8664162238E-02
    35    54    1.7254246410E-02
    35    55    4.7602133893E-02
    35    56    1.8657712835E-02
    35    57    4.5945044646E-02
    35    58    1.2565549528E-02
    36    47    1.7752295564E-07
    36    48    1.3138478098E-03
    36    49    7.1418872780E-03
    36    50    1.7925572886E-03
    36    51    8.0331310189E-03
    36    52    2.0480054745E-03
    36    53    8.0615995868E-03
    36    54    2.3788920141E-03
    36    55    7.9626231035E-03
    36    56    2.7227017525E-03
    36    57    7.7888119393E-03
    36    58    3.1381013825E-03
    36    59    7.4874520416E-03
    36    60    1.8088724103E-03
    37    48    9.9756136199E-06
    37    49    1.4914319174E-02
    37    50    4.4605934281E-03
    37    51    1.6465524083E-02
    37    52    4.7812767061E-03
    37    53    1.6363341762E-02
    37    54    5.1136467007E-03
    37    55    1.6158644879E-02
    37    56    5.6031439246E-03
    37    57    1.5715928241E-02
    37    58    6.1015279612E-03
    37    59    1.5163208487E-02
    37    60    6.5399007361E-03
    37    61    1.4451089233E-02
    37    62    3.5239205835E-04
    38    49    1.8039724202E-07
    38    50    3.6159843480E-04
    38    51    1.9003337582E-03
    38    52    4.3281338989E-04
    38    53    1.9482612519E-03
    38    54    5.0319553086E-04
    38    55    1.9664610821E-03
    38    56    5.7391881280E-04
    38    57    1.9648551913E-03
    38    58    6.5396223340E-04
    38    59    1.9331358372E-03
    38    60    7.4570551645E-04
    38    61    1.8697097472E-03
    38    62    8.4951903521E-04
    38    63    1.7450669656E-03
    38    64    1.8251338771E-05
    39    50    4.5029912401E-05
    39    51    3.3996040520E-03
    39    52    8.8412580379E-04
    39    53    3.5850892964E-03
    39    54    9.6284238466E-04
    39    55    3.5939194632E-03
    39    56    1.0639496381E-03
    39    57    3.5483452939E-03
    39    58    1.1614362904E-03
    39    59    3.4729991241E-03
    39    60    1.2721029465E-03
    39    61    3.3539620973E-03
    39    62    1.3966032075E-03
    39    63    3.1887484263E-03
    39    64    9.0248095725E-04
    39    65    1.2776334139E-04
    40    52    9.8618939445E-06
    40    53    2.6878245163E-04
    40    54    5.9740842084E-05
    40    55    2.7980108709E-04
    40    56    7.0646228146E-05
    40    57    2.8583970973E-04
    40    58    8.1301308472E-05
    40    59    2.8811152110E-04
    40    60    9.3034476335E-05
    40    61    2.8530980400E-04
    40    62    1.0548232167E-04
    40    63    2.7720630746E-04
    40    64    1.1880295030E-04
    40    65    2.6362915140E-04
    40    66    5.6911734451E-05
    40    67    5.2293545564E-06
    41    53    5.8448309270E-07
    41    54    9.8924000356E-05
    41    55    4.4409308208E-04
    41    56    1.1065368879E-04
    41    57    4.5058142359E-04
    41    58    1.2524970798E-04
    41    59    4.4844070576E-04
    41    60    1.3854986125E-04
    41    61    4.4106795256E-04
    41    62    1.5317670992E-04
    41    63    4.2655202806E-04
    41    64    1.6705906113E-04
    41    65    4.0488416796E-04
    41    66    1.7670282495E-04
    41    67    3.8095445555E-04
    41    68    9.0903102110E-05
    41    69    5.6447410842E-06
    42    54    8.3921053929E-07
    42    55    1.9489723160E-05
    42    56    4.0747939274E-06
    42    57    2.0792095487E-05
    42    58    4.9149058819E-06
    42    59    2.1662631437E-05
    42    60    5.7206252572E-06
    42    61    2.2158121337E-05
    42    62    6.6632421054E-06
    42    63    2.2527060420E-05
    42    64    7.4585276203E-06
    42    65    2.1646283755E-05
    42    66    8.2417646392E-06
    42    67    2.0570855919E-05
    42    68    8.7544943559E-06
    42    69    1.8885754242E-05
    42    70    1.9493360407E-08
    43    56    1.2409615528E-06
    43    57    2.6802325496E-05
    43    58    6.1719740829E-06
    43    59    2.7680015898E-05
    43    60    7.0069277321E-06
    43    61    2.8083901012E-05
    43    62    7.8329609201E-06
    43    63    2.7969766223E-05
    43    64    1.2504613794E-05
    43    65    3.8550134725E-05
    43    66    1.1859865916E-05
    43    67    3.0754134876E-05
    43    68    1.0436370885E-05
    43    69    2.4786672339E-05
    43    70    4.5586983271E-06
    43    71    1.0825648744E-07
    43    72    1.5732931455E-08
    44    57    1.2763870331E-09
    44    58    1.1814856266E-07
    44    59    6.9418750247E-07
    44    60    1.4606696058E-07
    44    61    7.4256085509E-07
    44    62    1.7269888539E-07
    44    63    7.7437746512E-07
    44    64    2.7351575035E-07
    44    65    1.1464984777E-06
    44    66    3.0349398435E-07
    44    67    1.0195557603E-06
    44    68    2.7449979451E-07
    44    69    7.1666497670E-07
    44    70    2.4902494182E-07
    44    71    6.4543362081E-07
    44    72    9.5135258395E-08
    44    73    1.0688444070E-09
    44    74    1.1705891700E-10
    45    58    3.6368141877E-11
    45    59    2.3422719610E-09
    45    60    1.3652687033E-07
    45    61    7.2182893829E-07
    45    62    1.5833931216E-07
    45    63    7.4724719943E-07
    45    64    2.1455324419E-07
    45    65    8.7693746774E-07
    45    66    4.5583952967E-07
    45    67    1.6689957368E-06
    45    68    4.9979492027E-07
    45    69    1.6192368764E-06
    45    70    3.7123641246E-07
    45    71    5.9059602385E-07
    45    72    2.0842563589E-07
    45    73    5.2125044642E-07
    45    74    1.8578213355E-10
    45    75    4.2948553922E-10
    46    60    1.7165981229E-13
    46    61    2.3168996818E-11
    46    62    1.6213809336E-09
    46    63    9.8765553827E-09
    46    64    2.0522861420E-09
    46    65    1.1097057784E-08
    46    66    2.3207590296E-09
    46    67    1.0970945698E-08
    46    68    2.5915596541E-08
    46    69    1.0366985673E-07
    46    70    3.0922951562E-08
    46    71    1.0747617569E-07
    46    72    1.7230621895E-08
    46    73    8.5016671304E-09
    46    74    1.0802768889E-09
    46    75    1.9772662240E-12
    46    76    3.5661447753E-13
    46    77    7.9024631875E-13
    47    61    1.8457093560E-15
    47    62    1.9039322663E-13
    47    63    1.7583634686E-11
    47    64    1.2731300573E-09
    47    65    7.1221443185E-09
    47    66    1.4412124450E-09
    47    67    7.1043822600E-09
    47    68    5.2241037231E-08
    47    69    5.0554586167E-07
    47    70    1.4478739553E-07
    47    71    5.2900025135E-07
    47    72    1.6862004662E-07
    47    73    5.3628276225E-07
    47    74    1.9258322160E-09
    47    75    6.1650539073E-09
    47    76    6.3555590782E-10
    47    77    1.5302567698E-13
    47    78    3.1600750292E-15
    48    63    3.1103049823E-18
    48    64    2.4126934412E-12
    48    65    4.3058879528E-11
    48    66    7.1575768705E-12
    48    67    4.5253020308E-11
    48    68    7.9803590053E-12
    48    69    4.3751496895E-11
    48    70    5.5945911714E-09
    48    71    5.3677715690E-08
    48    72    1.0418815458E-08
    48    73    5.7446494367E-08
    48    74    7.3596021971E-10
    48    75    3.3581892332E-09
    48    76    1.6090672645E-11
    48    77    5.5944018081E-11
    48    78    2.9815559743E-19
    48    79    7.3183646643E-19
    48    80    5.9631119487E-19
    48    81    2.1370027173E-18
    49    64    3.2540464735E-17
    49    65    7.1267488709E-16
    49    66    9.5489412276E-17
    49    67    4.4098435976E-14
    49    68    3.2306705258E-12
    49    69    1.9660291858E-11
    49    70    3.7036090645E-12
    49    71    1.3671728938E-09
    49    72    6.7673253185E-08
    49    73    2.6574176046E-07
    49    74    4.1516213449E-09
    49    75    1.4853600359E-08
    49    76    2.5707328275E-11
    49    77    4.3252957598E-11
    49    78    1.1677386190E-11
    49    79    4.0332473242E-11
    49    80    5.4058026230E-12
    49    81    2.3229031546E-17
    49    82    1.5910666881E-16
    49    83    2.2605615296E-16
    49    84    4.4152232500E-17
    50    66    2.3716922523E-20
    50    67    5.1669009783E-19
    50    68    6.0986372202E-20
    50    69    1.0138645565E-16
    50    70    8.8991449843E-15
    50    71    6.2298453343E-14
    50    72    1.2099757231E-14
    50    73    1.4062593456E-13
    50    74    3.1031921078E-12
    50    75    1.2160528037E-11
    50    76    4.0211567800E-14
    50    77    2.0342078987E-13
    50    78    4.7614703521E-14
    50    79    1.9781482767E-13
    50    80    6.8419946900E-14
    50    81    2.5225831081E-13
    50    82    1.5024179817E-13
    50    83    2.1573389776E-13
    50    84    9.7578195524E-19
    50    85    1.2286112251E-18
    51    68    1.3680492296E-06
    51    69    4.6657375851E-05
    51    70    1.4233672404E-05
    51    71    1.3326956604E-04
    51    72    3.6532304706E-05
    51    73    1.8797418961E-04
    51    74    8.4428699011E-05
    51    75    1.0785800425E-03
    51    76    3.7366162110E-04
    51    77    1.6829487539E-03
    51    78    2.3352292526E-04
    51    79    2.9729436449E-04
    51    80    5.9682132532E-05
    51    81    1.7619350713E-04
    51    82    8.6590046401E-05
    51    83    1.4700598215E-04
    51    84    5.0778907552E-05
    51    85    3.1937141896E-05
    51    86    2.2390349051E-05
    51    87    2.5180437851E-05
    52    69    1.3516270877E-08
    52    70    1.7396221955E-06
    52    71    1.1251244625E-05
    52    72    3.5611216706E-06
    52    73    3.0661672448E-05
    52    74    3.1143630810E-05
    52    75    2.7028478547E-04
    52    76    4.7267851531E-05
    52    77    1.7352293416E-04
    52    78    1.0884393738E-05
    52    79    3.4793318031E-05
    52    80    8.2451901449E-06
    52    81    3.0454798459E-05
    52    82    1.4696452222E-05
    52    83    3.0378311793E-05
    52    84    2.4506343546E-05
    52    85    5.0786403575E-05
    52    86    1.9873173308E-05
    52    87    4.5172064959E-06
    52    88    3.3167952401E-06
    52    89    3.8086249579E-06
    53    72    6.9059562405E-06
    53    73    6.3763840450E-04
    53    74    2.1436386905E-04
    53    75    1.0576156850E-03
    53    76    1.3484230822E-04
    53    77    2.2485462903E-04
    53    78    4.1584701473E-05
    53    79    1.5297483065E-04
    53    80    4.1278391181E-05
    53    81    1.6115721919E-04
    53    82    7.9820352363E-05
    53    83    1.9733964096E-04
    53    84    1.9146277313E-04
    53    85    6.0632484319E-04
    53    86    7.2795544427E-04
    53    87    1.7912990561E-03
    53    88    1.1830348307E-05
    53    89    1.6128855617E-05
    53    90    3.8936430652E-06
    54    75    3.3808211712E-08
    54    76    3.3287842101E-06
    54    77    9.4910559806E-06
    54    78    5.6261581346E-06
    54    79    2.6864083655E-05
    54    80    6.8225470245E-06
    54    81    3.2872485850E-05
    54    82    1.6887112313E-05
    54    83    5.3596631272E-05
    54    84    7.1570826250E-05
    54    85    3.3147557265E-04
    54    86    1.1542999895E-04
    54    87    3.2335335460E-04
    54    88    3.3676128731E-05
    54    89    2.3891701226E-06
    54    90    1.5152755771E-06
    54    91    2.2295265567E-06
    54    92    4.8148364265E-07
    55    76    8.2141194649E-07
    55    77    2.3698730768E-05
    55    78    4.3637118744E-06
    55    79    1.6404158073E-05
    55    80    4.0366754076E-05
    55    81    2.1311855521E-04
    55    82    1.2799703692E-04
    55    83    6.4120862942E-04
    55    84    5.3797302607E-04
    55    85    1.9730763936E-03
    55    86    5.3960355274E-04
    55    87    1.1792931504E-03
    55    88    1.3052029152E-04
    55    89    1.9789667856E-04
    55    90    4.6529442847E-06
    55    91    7.5905271769E-06
    55    92    4.9064926353E-06
    55    93    6.6805970261E-06
    56    78    7.0070329658E-08
    56    79    1.6198370944E-06
    56    80    2.0843471479E-06
    56    81    5.8297081929E-05
    56    82    4.1884543464E-05
    56    83    3.5401236790E-04
    56    84    8.2290958009E-05
    56    85    3.5027196353E-04
    56    86    4.6293230268E-05
    56    87    6.9069914704E-05
    56    88    1.4855201935E-05
    56    89    2.9862548906E-05
    56    90    5.0518516044E-06
    56    91    9.5632233000E-07
    56    92    5.3674084713E-07
    56    93    9.0583746665E-07
    56    94    5.8072148428E-07
    56    95    8.1760909006E-07
    57    79    1.1336985057E-08
    57    80    9.6889725324E-07
    57    81    4.0468150687E-06
    57    82    5.9499766231E-05
    57    83    2.0503023997E-03
    57    84    4.5125249082E-04
    57    85    1.2500082401E-03
    57    86    1.0788644656E-04
    57    87    2.1561297425E-04
    57    88    5.7811500037E-05
    57    89    1.2597732447E-04
    57    90    2.5265748208E-05
    57    91    2.8008209471E-06
    57    92    1.4392425290E-06
    57    93    2.6525379479E-06
    57    94    1.5374800309E-06
    57    95    2.5007872730E-06
    57    96    5.8477148559E-07
    58    81    9.2007759039E-10
    58    82    9.1685603972E-08
    58    83    3.2048125642E-07
    58    84    6.6582963028E-06
    58    85    7.3407354549E-05
    58    86    1.1842692290E-05
    58    87    3.1632006137E-05
    58    88    8.6305697633E-06
    58    89    2.2382230354E-05
    58    90    3.9176573923E-06
    58    91    2.8509266282E-07
    58    92    1.2704232324E-07
    58    93    2.7614852507E-07
    58    94    1.3865910043E-07
    58    95    2.6643833310E-07
    58    96    1.5136840342E-07
    58    97    2.4711306378E-07
    59    83    6.0588397355E-09
    59    84    2.3983924734E-07
    59    85    7.9838067166E-07
    59    86    2.5204199362E-07
    59    87    7.7468876158E-07
    59    88    2.7251255554E-07
    59    89    7.4631719542E-07
    59    90    2.9069651111E-07
    59    91    7.2309105423E-07
    59    92    3.0370798825E-07
    59    93    7.0632119850E-07
    59    94    3.2609350886E-07
    59    95    6.7989234388E-07
    59    96    3.5181396830E-07
    59    97    6.5121539118E-07
    59    98    3.6885081899E-07
    59    99    6.0840918963E-07
    60    84    5.7090031516E-09
    60    85    5.8322225076E-08
    60    86    1.6160672892E-08
    60    87    5.8351399161E-08
    60    88    1.7601082576E-08
    60    89    5.8309822274E-08
    60    90    1.9718834119E-08
    60    91    5.7633934329E-08
    60    92    2.1116607103E-08
    60    93    5.7665955609E-08
    60    94    2.3189270358E-08
    60    95    5.6932302638E-08
    60    96    2.5486889715E-08
    60    97    5.5777859067E-08
    60    98    2.7305918288E-08
    60    99    5.5103973057E-08
    60   100    1.0731231062E-08
    61    86    1.2832340592E-08
    61    87    1.3176620312E-07
    61    88    3.8488824209E-08
    61    89    1.3130231149E-07
    61    90    4.2384305581E-08
    61    91    1.2950276833E-07
    61    92    4.4887117175E-08
    61    93    1.2901543962E-07
    61    94    4.8630097242E-08
    61    95    1.2700530490E-07
    61    96    5.2745718206E-08
    61    97    1.2437986420E-07
    61    98    5.7256387699E-08
    61    99    1.2082543818E-07
    61   100    6.0630095994E-08
    61   101    1.1506318706E-07
    62    88    7.6251161563E-10
    62    89    7.6937592220E-09
    62    90    2.1785340015E-09
    62    91    7.8333701646E-09
    62    92    2.4306472863E-09
    62    93    7.9689547120E-09
    62    94    2.6449393017E-09
    62    95    8.1188456679E-09
    62    96    2.9425773318E-09
    62    97    8.1620109467E-09
    62    98    3.2700989263E-09
    62    99    8.1396712404E-09
    62   100    3.5312092021E-09
    62   101    8.1432751969E-09
    62   102    1.4917991269E-09
    62   103    1.7574447564E-13
    63    89    9.6786693518E-11
    63    90    4.1355542534E-09
    63    91    1.5404395053E-08
    63    92    4.5594128078E-09
    63    93    1.5624222528E-08
    63    94    5.0220676236E-09
    63    95    1.5751036666E-08
    63    96    5.4009420288E-09
    63    97    1.5902837186E-08
    63    98    5.9291972924E-09
    63    99    1.5833642255E-08
    63   100    6.5037343372E-09
    63   101    1.5640501059E-08
    63   102    6.9381788118E-09
    63   103    1.5161035860E-08
    63   104    2.8870524852E-14
    64    91    3.9601733453E-12
    64    92    1.7778162263E-10
    64    93    7.1808594478E-10
    64    94    2.0248383771E-10
    64    95    7.4772728525E-10
    64    96    2.2985546340E-10
    64    97    7.7208945574E-10
    64    98    2.5367573141E-10
    64    99    7.9659718279E-10
    64   100    2.8582988119E-10
    64   101    8.0905420731E-10
    64   102    3.2107109858E-10
    64   103    8.1344348117E-10
    64   104    1.4072871869E-10
    64   105    3.1421489770E-15
    65    93    7.5929850244E-12
    65    94    3.3031633329E-10
    65    95    1.2769287737E-09
    65    96    3.7067439971E-10
    65    97    1.3161908349E-09
    65    98    4.1502444821E-10
    65    99    1.3446418603E-09
    65   100    4.5300398168E-10
    65   101    1.3732714956E-09
    65   102    5.0367657405E-10
    65   103    1.3809633235E-09
    65   104    2.4549582197E-10
    65   105    3.0957495682E-15
    65   106    3.9517307572E-16
    66    95    7.4538899358E-20
    66    96    4.9286823808E-12
    66    97    4.6644696576E-11
    66    98    1.2937641525E-11
    66    99    4.9337723184E-11
    66   100    1.4568870971E-11
    66   101    5.1989125407E-11
    66   102    1.6724974406E-11
    66   103    5.3907314322E-11
    66   104    1.9081646514E-11
    66   105    5.4562830572E-11
    66   106    1.1194387431E-17
    66   107    3.4295871106E-17
    67    97    6.7762635780E-20
    67    98    3.6388535414E-18
    67    99    5.4085273586E-13
    67   100    2.0752807940E-11
    67   101    7.6480499071E-11
    67   102    2.3081621223E-11
    67   103    7.9773256753E-11
    67   104    2.6100104540E-11
    67   105    8.0822015069E-11
    67   106    8.4567769454E-18
    67   107    2.8135046376E-17
    67   108    3.2938798071E-18
    68   100    2.0328790734E-20
    68   101    1.3552527156E-19
    68   102    3.3881317890E-20
    68   103    1.6263032587E-19
    68   104    4.0657581468E-20
    68   105    1.8973538018E-19
    68   106    5.4210108624E-20
    68   107    2.0328790734E-19
    68   108    6.7762635780E-20
    68   109    2.2891817727E-19
    69   102    2.0328790734E-20
    69   103    1.0842021725E-19
    69   104    2.7105054312E-20
    69   105    1.2197274440E-19
    69   106    2.7105054312E-20
    69   107    1.3552527156E-19
    69   108    4.0657581468E-20
    69   109    1.4907779872E-19
    69   110    1.6954719168E-20
    70   110    7.7658291503E-23
    71   108    3.6654363493E-23
    71   110    4.5087746897E-23
