     0     1    1.1679205742E+01
    30    45    2.1340312878E-08
    30    46    1.3720951741E-03
    31    44    8.0903713761E-07
    31    45    6.0994031308E-02
    31    46    1.5757897631E-02
    31    47    6.0724827216E-02
    31    48    1.6074327250E-02
    31    49    6.0440455485E-02
    31    50    1.6315438618E-02
    32    44    3.1889999875E-06
    32    45    1.3594071997E-02
    32    46    2.1141132573E-03
    32    47    1.3877856189E-02
    32    48    2.2685626149E-03
    32    49    1.4105769283E-02
    32    50    3.0996958236E-03
    32    51    1.3619470003E-02
    32    52    2.4564977410E-03
    33    45    1.5937145127E-08
    33    46    1.0874305529E-02
    33    47    3.7399859226E-02
    33    48    1.1112695709E-02
    33    49    3.7260299587E-02
    33    50    1.1761939092E-02
    33    51    3.6664727253E-02
    33    52    1.2461664242E-02
    33    53    3.5937780532E-02
    33    54    1.1520798109E-02
    34    45    3.8790454885E-08
    34    46    1.4165115949E-03
    34    47    7.9336507539E-03
    34    48    1.5234541266E-03
    34    49    8.1012226933E-03
    34    50    2.4140830061E-03
    34    51    9.7892290149E-03
    34    52    2.7454395498E-03
    34    53    9.7054008335E-03
    34    54    3.1704424268E-03
    34    55    9.4593932681E-03
    34    56    2.8604289048E-03
    34    57    7.4144712747E-03
    35    47    8.4433587294E-08
    35    48    5.2991196935E-03
    35    49    1.8474497585E-02
    35    50    6.7782756208E-03
    35    51    2.2085499605E-02
    35    52    7.2139082252E-03
    35    53    2.1731486269E-02
    35    54    7.7076650153E-03
    35    55    2.1265220116E-02
    35    56    8.3377269200E-03
    35    57    2.0579011685E-02
    35    58    8.3555781999E-03
    35    59    1.6304381337E-02
    36    47    7.9194613217E-08
    36    48    5.8583942126E-04
    36    49    3.1854316061E-03
    36    50    7.3543391981E-04
    36    51    3.5825752667E-03
    36    52    9.1349960156E-04
    36    53    3.5968948090E-03
    36    54    1.0616412633E-03
    36    55    3.5546309289E-03
    36    56    1.2157952563E-03
    36    57    3.4792327806E-03
    36    58    1.4022565846E-03
    36    59    3.3471692921E-03
    36    60    1.4434803623E-03
    36    61    2.8331105494E-03
    37    49    1.8624422794E-07
    37    50    1.8076218597E-03
    37    51    6.6214767277E-03
    37    52    2.1299648734E-03
    37    53    7.2925335597E-03
    37    54    2.2792176132E-03
    37    55    7.2047212990E-03
    37    56    2.4988591932E-03
    37    57    7.0113039317E-03
    37    58    2.7229484315E-03
    37    59    6.7693743184E-03
    37    60    2.9208793694E-03
    37    61    6.5179818104E-03
    37    62    1.9899497674E-03
    38    50    2.0241813072E-05
    38    51    8.0297237659E-04
    38    52    1.9246596449E-04
    38    53    8.6686696349E-04
    38    54    2.2393472127E-04
    38    55    8.7556072213E-04
    38    56    2.5562377301E-04
    38    57    8.7554799406E-04
    38    58    2.9155755317E-04
    38    59    8.6224023402E-04
    38    60    3.3284051751E-04
    38    61    8.3492854211E-04
    38    62    3.7970346665E-04
    38    63    7.9303070892E-04
    38    64    1.8654157039E-04
    39    51    1.1927818750E-06
    39    52    3.8106895564E-04
    39    53    1.5925303133E-03
    39    54    4.2765605612E-04
    39    55    1.5975071220E-03
    39    56    4.7298389605E-04
    39    57    1.5784721701E-03
    39    58    5.1683582087E-04
    39    59    1.5463967174E-03
    39    60    5.6674266320E-04
    39    61    1.4951065521E-03
    39    62    6.2308355358E-04
    39    63    1.4235024223E-03
    39    64    6.8651791576E-04
    39    65    1.3307587638E-03
    39    66    3.7276300724E-04
    40    52    4.2305118481E-06
    40    53    1.1670497161E-04
    40    54    2.6445173115E-05
    40    55    1.2396901298E-04
    40    56    3.1310985014E-05
    40    57    1.2678440201E-04
    40    58    3.6082997332E-05
    40    59    1.2795764856E-04
    40    60    4.1316854490E-05
    40    61    1.2691782169E-04
    40    62    4.6983787348E-05
    40    63    1.2355790078E-04
    40    64    5.3047930280E-05
    40    65    1.1780370888E-04
    40    66    5.7553231373E-05
    40    67    1.0912625154E-04
    40    68    4.0839803706E-07
    41    54    7.5531832885E-06
    41    55    1.9629834375E-04
    41    56    4.8911182214E-05
    41    57    1.9939311256E-04
    41    58    5.5445425844E-05
    41    59    1.9871461878E-04
    41    60    6.1438631431E-05
    41    61    1.9575762605E-04
    41    62    6.7804955210E-05
    41    63    1.8972090752E-04
    41    64    7.4430482701E-05
    41    65    1.8056504168E-04
    41    66    7.8993577465E-05
    41    67    1.7049458648E-04
    41    68    8.5327307943E-05
    41    69    1.5179904980E-04
    41    70    4.7906418291E-07
    42    55    1.8144083512E-08
    42    56    1.7910059427E-06
    42    57    9.1516633579E-06
    42    58    2.1646083352E-06
    42    59    9.5527900447E-06
    42    60    2.5253632403E-06
    42    61    9.7926860489E-06
    42    62    2.9059494370E-06
    42    63    9.8260959174E-06
    42    64    3.2917519232E-06
    42    65    9.6392215674E-06
    42    66    6.5072545309E-04
    42    67    1.0654676624E-02
    42    68    6.5353726794E-04
    42    69    1.0084224489E-02
    42    70    5.9738315006E-04
    42    71    5.4941616456E-08
    43    57    3.0421229717E-08
    43    58    2.7083615174E-06
    43    59    1.2167116203E-05
    43    60    3.0825933117E-06
    43    61    1.2375187648E-05
    43    62    3.4567999815E-06
    43    63    1.2322339373E-05
    43    64    3.9130976333E-06
    43    65    6.4793257463E-02
    43    66    1.0639854272E-02
    43    67    6.1852804638E-02
    43    68    1.0107979984E-02
    43    69    5.8347834615E-02
    43    70    9.4175001011E-03
    43    71    5.4109378471E-02
    43    72    8.5098863848E-03
    43    73    4.0840228296E-08
    44    58    1.7239494042E-08
    44    59    3.0280793618E-07
    44    60    6.3795657690E-08
    44    61    3.2499479501E-07
    44    62    7.5746404023E-08
    44    63    3.3985898318E-07
    44    64    2.6553300631E-07
    44    65    1.0569732807E-02
    44    66    6.1438355299E-04
    44    67    1.0061540764E-02
    44    68    5.9728388278E-04
    44    69    9.3825466400E-03
    44    70    5.6651743063E-04
    44    71    8.5029284199E-03
    44    72    5.2647355359E-04
    44    73    7.3934747688E-03
    44    74    4.9865647228E-04
    44    75    6.0151457581E-03
    45    59    6.1194955760E-13
    45    60    1.9178850850E-08
    45    61    3.1462186871E-07
    45    62    6.9159049724E-08
    45    63    3.2694194693E-07
    45    64    8.4484614330E-08
    45    65    3.8953650019E-07
    45    66    9.9873049846E-03
    45    67    5.8288400813E-02
    45    68    9.3365250395E-03
    45    69    5.4082083503E-02
    45    70    8.4865079304E-03
    45    71    4.8939557410E-02
    45    72    7.4145991478E-03
    45    73    4.2570791335E-02
    45    74    6.1116921466E-03
    45    75    3.4634967416E-02
    45    76    4.6158848199E-03
    45    77    2.4846170823E-02
    46    61    8.6291440564E-12
    46    62    7.0255376806E-10
    46    63    4.2936542900E-09
    46    64    8.7081131668E-10
    46    65    4.5766254333E-09
    46    66    5.6860033012E-04
    46    67    9.2518399889E-03
    46    68    5.3973837687E-04
    46    69    8.4279850423E-03
    46    70    4.9319244453E-04
    46    71    7.3753374373E-03
    46    72    4.2907739468E-04
    46    73    6.0725365289E-03
    46    74    3.5666405101E-04
    46    75    4.5190053938E-03
    46    76    2.8413396546E-04
    46    77    2.7951098827E-03
    46    78    1.4334690397E-04
    47    62    3.4271959321E-14
    47    63    7.6048683139E-12
    47    64    5.5371942282E-10
    47    65    3.1114209754E-09
    47    66    1.3907680625E-09
    47    67    5.3951927049E-02
    47    68    8.3379855888E-03
    47    69    4.8826007028E-02
    47    70    7.3143335986E-03
    47    71    4.2486168232E-02
    47    72    6.0388165631E-03
    47    73    3.4598277421E-02
    47    74    4.5220005380E-03
    47    75    2.4900094996E-02
    47    76    2.8605580066E-03
    47    77    1.3713650941E-02
    47    78    1.3117259978E-03
    47    79    3.3766516285E-03
    47    80    1.2738977830E-04
    48    64    7.1287986907E-17
    48    65    3.9922451738E-14
    48    66    3.1465587988E-12
    48    67    2.3744968669E-11
    48    68    4.6486261140E-04
    48    69    7.2236212538E-03
    48    70    4.0665780399E-04
    48    71    5.9772368067E-03
    48    72    3.3021466872E-04
    48    73    4.4818104113E-03
    48    74    2.4309662720E-04
    48    75    2.8113244576E-03
    48    76    1.5933073374E-04
    48    77    1.1783809168E-03
    48    78    6.3479419435E-05
    48    79    1.1847201770E-04
    48    80    3.2412692136E-05
    48    81    1.1713159848E-04
    48    82    1.5815048479E-05
    48    83    2.0965228541E-17
    49    65    3.8116482626E-19
    49    66    4.0493257076E-17
    49    67    1.9787458754E-14
    49    68    3.0734142474E-10
    49    69    4.2272526410E-02
    49    70    5.8955888731E-03
    49    71    3.4418326361E-02
    49    72    4.4310810675E-03
    49    73    2.4778623485E-02
    49    74    2.7938138141E-03
    49    75    1.3682001066E-02
    49    76    1.2191663228E-03
    49    77    3.4501059742E-03
    49    78    1.7167674962E-04
    49    79    7.5341277540E-04
    49    80    1.8687537136E-04
    49    81    7.4059520425E-04
    49    82    1.4500233102E-03
    49    83    7.3112238167E-03
    49    84    1.2815269679E-16
    49    85    1.3698719299E-16
    50    67    1.6940658945E-21
    50    68    2.7105054312E-20
    50    69    3.7675356429E-12
    50    70    3.0878066901E-04
    50    71    4.3642483901E-03
    50    72    2.2720228084E-04
    50    73    2.7582946686E-03
    50    74    1.4093760571E-04
    50    75    1.1770030242E-03
    50    76    5.5574085114E-05
    50    77    1.2518611120E-04
    50    78    2.3987994757E-05
    50    79    1.2499322006E-04
    50    80    3.5095080319E-05
    50    81    5.3358387715E-04
    50    82    3.4287101012E-04
    50    83    1.9206860435E-03
    50    84    2.4549151291E-04
    50    85    4.3368086899E-19
    50    86    4.4436299834E-20
    51    69    4.0970375765E-08
    51    70    4.6978773099E-06
    51    71    2.3404839740E-05
    51    72    2.5440901387E-05
    51    73    1.3193990841E-04
    51    74    4.4807899453E-05
    51    75    3.2120076198E-04
    51    76    2.5902771701E-04
    51    77    1.5224621848E-03
    51    78    3.2230034410E-04
    51    79    1.2506742608E-03
    51    80    7.8753407055E-05
    51    81    1.7820551924E-04
    51    82    6.2973657046E-05
    51    83    9.9341499450E-05
    51    84    6.0234798191E-05
    51    85    8.9208997715E-05
    51    86    2.9171842087E-05
    51    87    1.2494541061E-05
    51    88    3.0580384902E-06
    52    70    1.3986075352E-07
    52    71    4.0418315611E-06
    52    72    1.6289853069E-06
    52    73    2.4028688402E-05
    52    74    1.2254180435E-05
    52    75    2.0353587695E-04
    52    76    4.1900801763E-05
    52    77    2.5100034076E-04
    52    78    3.2268625633E-05
    52    79    5.5357379673E-05
    52    80    7.6300701147E-06
    52    81    2.4821755148E-05
    52    82    9.3056861397E-06
    52    83    1.7868889795E-05
    52    84    1.0303555082E-05
    52    85    1.8493982291E-05
    52    86    1.6736916633E-05
    52    87    2.7817361122E-05
    52    88    1.5418694557E-06
    52    89    1.8421752619E-06
    52    90    4.1090528971E-07
    53    72    1.3681566020E-06
    53    73    5.9544255631E-05
    53    74    1.9228019277E-04
    53    75    1.2528560183E-03
    53    76    2.3681139916E-04
    53    77    1.0717826097E-03
    53    78    6.3041946384E-05
    53    79    1.6623513559E-04
    53    80    3.3142501098E-05
    53    81    1.1273539384E-04
    53    82    4.3985269207E-05
    53    83    9.4898009915E-05
    53    84    5.4297215843E-05
    53    85    1.1672146893E-04
    53    86    1.3910943114E-04
    53    87    3.9851889276E-04
    53    88    1.7028921789E-04
    53    89    7.3937748284E-06
    53    90    5.3774462779E-06
    53    91    6.2861661200E-06
    54    75    2.9092580512E-08
    54    76    1.7378634964E-05
    54    77    4.2782428840E-05
    54    78    4.5538641751E-06
    54    79    2.3111870132E-05
    54    80    4.7217590880E-06
    54    81    1.9757192191E-05
    54    82    7.4209672772E-06
    54    83    1.9396311530E-05
    54    84    1.1594452167E-05
    54    85    3.2193892131E-05
    54    86    4.3307245565E-05
    54    87    1.4692760744E-04
    54    88    6.0857508183E-05
    54    89    1.4003170628E-04
    54    90    6.9200323244E-07
    54    91    1.0202996021E-06
    54    92    1.6197605527E-06
    55    77    1.2481683655E-07
    55    78    1.6523761497E-05
    55    79    5.9463368060E-05
    55    80    1.4187966693E-05
    55    81    1.0343747484E-04
    55    82    4.0161660974E-05
    55    83    1.2196943099E-04
    55    84    8.9844345433E-05
    55    85    4.3412194015E-04
    55    86    2.7211467849E-04
    55    87    8.6898234216E-04
    55    88    2.4176936067E-04
    55    89    3.2986657596E-04
    55    90    3.3903221429E-05
    55    91    3.4341123364E-06
    55    92    2.2214085307E-06
    55    93    3.1652458360E-06
    55    94    7.7273452530E-07
    56    78    2.6417457684E-07
    56    79    8.2593954025E-06
    56    80    1.6687810045E-06
    56    81    7.4194884473E-06
    56    82    8.1418840843E-06
    56    83    3.3944034864E-05
    56    84    2.8093043355E-05
    56    85    1.5896034849E-04
    56    86    4.3039377507E-05
    56    87    1.5687609539E-04
    56    88    1.7697532236E-05
    56    89    2.8734927732E-05
    56    90    7.2560381269E-06
    56    91    1.1818284593E-05
    56    92    2.4128607911E-07
    56    93    4.0709334825E-07
    56    94    2.6085815028E-07
    56    95    3.8253403228E-07
    56    96    8.3446556585E-08
    57    80    1.0452047347E-06
    57    81    3.4212150500E-05
    57    82    9.5669178537E-06
    57    83    3.0205098162E-05
    57    84    2.1455123240E-04
    57    85    9.1310798457E-04
    57    86    2.0948946329E-04
    57    87    3.5794189049E-04
    57    88    5.2043568350E-05
    57    89    1.0330291789E-04
    57    90    3.4494561831E-05
    57    91    6.9899959801E-05
    57    92    6.4546253355E-07
    57    93    1.1892665967E-06
    57    94    6.8808058490E-07
    57    95    1.1190102542E-06
    57    96    7.1523706567E-07
    57    97    1.0224381014E-06
    58    82    1.6595275650E-08
    58    83    1.8378830806E-07
    58    84    1.5469380253E-06
    58    85    5.0476150303E-06
    58    86    4.8912883485E-06
    58    87    3.0822485402E-05
    58    88    6.8404219748E-06
    58    89    1.7138579458E-05
    58    90    3.7742873387E-06
    58    91    4.2790963071E-06
    58    92    5.6740679736E-08
    58    93    1.2331966011E-07
    58    94    6.1814862057E-08
    58    95    1.1877330159E-07
    58    96    6.7383788990E-08
    58    97    1.1365262892E-07
    58    98    2.3718191555E-08
    59    84    4.0342654987E-08
    59    85    5.4082345653E-07
    59    86    7.6386822734E-06
    59    87    2.3050035168E-05
    59    88    8.0161428908E-06
    59    89    2.1701750676E-05
    59    90    4.8728342125E-06
    59    91    3.2243188800E-07
    59    92    1.3515793333E-07
    59    93    3.1431476243E-07
    59    94    1.4487884910E-07
    59    95    3.0207505961E-07
    59    96    1.5610160115E-07
    59    97    2.8896768816E-07
    59    98    1.6348927819E-07
    59    99    2.7930075532E-07
    59   100    6.2729040567E-08
    60    85    1.7666895650E-10
    60    86    7.2055549544E-09
    60    87    2.6008593825E-08
    60    88    7.8217444923E-09
    60    89    2.5909660257E-08
    60    90    8.7411909788E-09
    60    91    2.5549891366E-08
    60    92    9.3432086553E-09
    60    93    2.5518281686E-08
    60    94    1.0245286705E-08
    60    95    2.5158063664E-08
    60    96    1.1247396986E-08
    60    97    2.4619982478E-08
    60    98    1.2038827672E-08
    60    99    2.4299948742E-08
    60   100    1.3222315562E-08
    60   101    2.2760947060E-08
    61    87    4.3269551949E-10
    61    88    1.7033042617E-08
    61    89    5.8111014856E-08
    61    90    1.8716283022E-08
    61    91    5.7196837232E-08
    61    92    1.9787971744E-08
    61    93    5.6890064184E-08
    61    94    2.1409765307E-08
    61    95    5.5932254119E-08
    61    96    2.3197294435E-08
    61    97    5.4719345415E-08
    61    98    2.5159694653E-08
    61    99    5.3110568189E-08
    61   100    2.6623319982E-08
    61   101    5.1972451185E-08
    61   102    1.0932156283E-08
    62    89    2.3911710272E-11
    62    90    9.5367202818E-10
    62    91    3.4307360011E-09
    62    92    1.0625128029E-09
    62    93    3.4852489948E-09
    62    94    1.1548673583E-09
    62    95    3.5468441494E-09
    62    96    1.2836653070E-09
    62    97    3.5624335636E-09
    62    98    1.4255019396E-09
    62    99    3.5500186502E-09
    62   100    1.5383768328E-09
    62   101    3.5493530123E-09
    62   102    1.7062183998E-09
    62   103    3.3968789176E-09
    63    91    5.1550741161E-11
    63    92    1.9835467812E-09
    63    93    6.8020549163E-09
    63    94    2.1826176402E-09
    63    95    6.8503689097E-09
    63    96    2.3453473742E-09
    63    97    6.9107025721E-09
    63    98    2.5730548822E-09
    63    99    6.8759067689E-09
    63   100    2.8208603644E-09
    63   101    6.7880863492E-09
    63   102    3.0078929402E-09
    63   103    6.7238693574E-09
    63   104    1.3147250661E-09
    64    93    2.1460589789E-12
    64    94    8.7193461293E-11
    64    95    3.2228521033E-10
    64    96    9.8915727876E-11
    64    97    3.3255680918E-10
    64    98    1.0910606258E-10
    64    99    3.4291275092E-10
    64   100    1.2288242143E-10
    64   101    3.4810404632E-10
    64   102    1.3798374552E-10
    64   103    3.4984641562E-10
    64   104    6.0390704210E-11
    64   105    1.3542227235E-15
    65    94    8.3896919360E-17
    65    95    4.2461220290E-12
    65    96    1.5844784175E-10
    65    97    5.6327475338E-10
    65    98    1.7732645735E-10
    65    99    5.7515752726E-10
    65   100    1.9347778022E-10
    65   101    5.8714722549E-10
    65   102    2.1505726606E-10
    65   103    5.9021715404E-10
    65   104    2.3226358765E-10
    65   105    5.8333270858E-10
    65   106    1.7780034714E-15
    66    96    7.7927031147E-19
    66    97    1.3801152333E-13
    66    98    5.4639215719E-12
    66    99    2.0864099551E-11
    66   100    6.1512327621E-12
    66   101    2.1978503219E-11
    66   102    7.0602528815E-12
    66   103    2.2782953895E-11
    66   104    8.0538808587E-12
    66   105    2.3375834932E-11
    66   106    3.7302747154E-12
    66   107    1.4067523188E-17
    67    98    7.0473141212E-19
    67    99    6.6542908336E-18
    67   100    3.9807629781E-12
    67   101    3.2069026078E-11
    67   102    9.6618069583E-12
    67   103    3.3442197972E-11
    67   104    1.0924434155E-11
    67   105    3.4288011896E-11
    67   106    5.6152782755E-12
    67   107    1.0055975150E-17
    67   108    1.5449880958E-17
    68   102    6.7762635780E-21
    68   103    5.4210108624E-20
    68   104    1.3552527156E-20
    68   105    5.4210108624E-20
    68   106    2.7105054312E-20
    68   107    6.7762635780E-20
    68   108    2.7105054312E-20
    68   109    9.4867690092E-20
    69   104    6.7762635780E-21
    69   105    4.0657581468E-20
    69   106    1.3552527156E-20
    69   107    5.4210108624E-20
    69   108    1.3552527156E-20
    69   109    5.4210108624E-20
    69   110    6.7762635780E-20
    70   111    3.0727194858E-22
    71   110    1.4450736660E-23
