     0     1    9.0817174055E+00
    35    53    2.8449490345E-05
    35    54    7.6133074205E-03
    36    53    1.0054108170E-05
    36    54    1.2616219996E-03
    36    55    4.3212942791E-03
    36    56    1.4449089992E-03
    36    57    4.2386585139E-03
    36    58    9.8314211467E-04
    37    53    1.2475248831E-05
    37    54    2.7907771708E-03
    37    55    8.8849458795E-03
    37    56    3.0510307613E-03
    37    57    8.6663478494E-03
    37    58    3.3216371127E-03
    37    59    8.3898413277E-03
    37    60    2.5277444888E-03
    38    54    7.1478159004E-05
    38    55    1.1219509450E-03
    38    56    3.2576731771E-04
    38    57    1.1242759734E-03
    38    58    3.9460058731E-04
    38    59    1.1691458065E-03
    38    60    4.5200833808E-04
    38    61    1.1344086128E-03
    38    62    4.8788938489E-04
    38    63    1.0093909708E-03
    39    55    5.0798342912E-06
    39    56    6.1102446155E-04
    39    57    2.0478774995E-03
    39    58    7.0026195407E-04
    39    59    2.1016814201E-03
    39    60    7.7052899843E-04
    39    61    2.0375706063E-03
    39    62    8.5042259132E-04
    39    63    1.9465218084E-03
    39    64    5.2355767114E-04
    40    56    1.2923034210E-05
    40    57    1.6646229732E-04
    40    58    4.7879337350E-05
    40    59    1.7199827237E-04
    40    60    5.5617287176E-05
    40    61    1.7128763565E-04
    40    62    6.3571173873E-05
    40    63    1.6756365612E-04
    40    64    7.2218942771E-05
    40    65    1.6072306058E-04
    40    66    3.3624986614E-05
    41    58    1.9971276803E-05
    41    59    2.6297710112E-04
    41    60    8.2661594250E-05
    41    61    2.6429333390E-04
    41    62    9.1717661462E-05
    41    63    2.5742880946E-04
    41    64    1.0133234948E-04
    41    65    2.4654782899E-04
    41    66    1.0840521175E-04
    41    67    2.3475920314E-04
    41    68    1.5294987456E-02
    42    59    5.6093177144E-08
    42    60    3.3574542322E-06
    42    61    1.3072724425E-05
    42    62    3.8911730210E-06
    42    63    1.3208194186E-05
    42    64    4.4465521018E-06
    42    65    1.3069462451E-05
    42    66    9.2780959644E-04
    42    67    1.5261759522E-02
    42    68    9.4821982548E-04
    42    69    1.4706563875E-02
    42    70    9.7226923392E-04
    42    71    1.3934363945E-02
    42    72    8.5136795426E-04
    43    61    8.7231308880E-08
    43    62    4.6188961238E-06
    43    63    1.6543499340E-05
    43    64    5.1625959628E-06
    43    65    1.6272668189E-05
    43    66    1.5238912446E-02
    43    67    8.8609270503E-02
    43    68    1.4738301777E-02
    43    69    8.4870344533E-02
    43    70    1.4067290208E-02
    43    71    8.0436056354E-02
    43    72    1.3200670764E-02
    43    73    7.5100376967E-02
    43    74    1.2160011240E-02
    43    75    6.8596700447E-02
    44    62    4.2722381251E-08
    44    63    4.5111598680E-07
    44    64    1.1741897684E-07
    44    65    4.6430162172E-07
    44    66    8.9351576269E-04
    44    67    1.4672338347E-02
    44    68    8.9014133762E-04
    44    69    1.4019358187E-02
    44    70    8.7113095986E-04
    44    71    1.3148898673E-02
    44    72    8.4135752378E-04
    44    73    1.2026258275E-02
    44    74    8.2872856405E-04
    44    75    1.0592541108E-02
    44    76    9.6478536240E-03
    45    63    1.6526736441E-12
    45    64    4.2266340565E-08
    45    65    4.4250085914E-07
    45    66    1.4201822260E-07
    45    67    8.4794874375E-02
    45    68    1.3950784301E-02
    45    69    8.0400064363E-02
    45    70    1.3121155186E-02
    45    71    7.5142977769E-02
    45    72    1.2049495395E-02
    45    73    6.8765250406E-02
    45    74    1.0711429759E-02
    45    75    6.0934245723E-02
    45    76    9.0988362960E-03
    45    77    9.7659829582E-02
    46    64    1.9894264187E-13
    46    65    2.5565623562E-11
    46    66    8.1681215842E-08
    46    67    1.3826355242E-02
    46    68    8.3218593774E-04
    46    69    1.3033064019E-02
    46    70    7.9536907178E-04
    46    71    1.1990554676E-02
    46    72    7.3577768302E-04
    46    73    1.0663593394E-02
    46    74    6.6051127828E-04
    46    75    9.0125467409E-03
    46    76    5.7390928215E-04
    46    77    7.0331341677E-03
    46    78    8.1145709168E-03
    47    66    8.7137162584E-14
    47    67    2.0038469037E-11
    47    68    1.2896323194E-02
    47    69    7.5000896806E-02
    47    70    1.1892749192E-02
    47    71    6.8655411342E-02
    47    72    1.0601655305E-02
    47    73    6.0874971387E-02
    47    74    8.9959991133E-03
    47    75    5.1248709371E-02
    47    76    7.0748371515E-03
    47    77    3.9380935955E-02
    47    78    4.9212688131E-03
    47    79    2.5231892215E-02
    47    80    2.8090098065E-03
    47    81    1.0308057412E-02
    47    82    9.9079700830E-04
    47    83    3.9861402652E-04
    48    67    3.8523058441E-18
    48    68    2.0751833663E-08
    48    69    1.1748189944E-02
    48    70    6.9922242955E-04
    48    71    1.0496088502E-02
    48    72    6.2247010736E-04
    48    73    8.9230593419E-03
    48    74    5.2179722994E-04
    48    75    7.0197037994E-03
    48    76    4.0577923371E-04
    48    77    4.8365040629E-03
    48    78    2.9242915585E-04
    48    79    2.5593346240E-03
    48    80    1.7727792301E-04
    48    81    6.3420500072E-04
    48    82    5.9589627120E-05
    48    83    6.5614059943E-05
    48    84    1.1763513154E-05
    49    69    7.5178555280E-13
    49    70    1.0354422545E-02
    49    71    6.0628086453E-02
    49    72    8.8197593702E-03
    49    73    5.1048539714E-02
    49    74    6.9567855560E-03
    49    75    3.9251170495E-02
    49    76    4.8184115700E-03
    49    77    2.5210730050E-02
    49    78    2.6210493937E-03
    49    79    1.0460329945E-02
    49    80    7.3998731704E-04
    49    81    6.5836767559E-04
    49    82    3.0340091934E-04
    49    83    4.4070358998E-04
    49    84    1.2075783220E-03
    49    85    3.3836821030E-03
    49    86    1.5782435747E-03
    50    70    1.1880305892E-08
    50    71    8.6851455153E-03
    50    72    4.9082853879E-04
    50    73    6.8658140454E-03
    50    74    3.7937967697E-04
    50    75    4.7618667295E-03
    50    76    2.5731254652E-04
    50    77    2.5572300395E-03
    50    78    1.4446378579E-04
    50    79    6.6197232059E-04
    50    80    2.5420048699E-05
    50    81    9.7920706168E-05
    50    82    5.0855075016E-05
    50    83    9.3017040779E-05
    50    84    3.7154738545E-04
    50    85    1.3516925352E-03
    50    86    8.9391592776E-04
    50    87    3.4131795680E-03
    51    72    2.2017533969E-06
    51    73    4.1096002968E-05
    51    74    1.2080079201E-05
    51    75    5.3867311131E-05
    51    76    2.2587637166E-05
    51    77    1.2830916383E-04
    51    78    8.9059783805E-05
    51    79    9.8391749484E-04
    51    80    3.3528948799E-04
    51    81    1.3797049274E-03
    51    82    2.4949525067E-04
    51    83    1.8067237487E-04
    51    84    4.7767587027E-05
    51    85    5.0759128630E-05
    51    86    2.8065214065E-05
    51    87    3.2099260464E-05
    51    88    7.3162345312E-06
    52    73    1.2953684620E-08
    52    74    1.3952560579E-06
    52    75    1.1420677642E-05
    52    76    4.6776939442E-06
    52    77    3.2305016586E-05
    52    78    3.4560341197E-05
    52    79    2.3755326677E-04
    52    80    4.6007703928E-05
    52    81    1.6818273912E-04
    52    82    1.3076069553E-05
    52    83    2.0436324766E-05
    52    84    8.6440166586E-06
    52    85    1.4153117823E-05
    52    86    5.3489598198E-06
    52    87    5.5075167715E-06
    52    88    3.7351568927E-06
    52    89    4.3504259685E-06
    52    90    4.7959076340E-07
    53    74    1.6385268927E-06
    53    75    4.8860747740E-05
    53    76    3.3700997229E-05
    53    77    8.3939872239E-04
    53    78    2.4431385875E-04
    53    79    1.1613807130E-03
    53    80    1.6674837147E-04
    53    81    1.5836718679E-04
    53    82    4.4330083799E-05
    53    83    8.2578186698E-05
    53    84    3.7460050701E-05
    53    85    6.9058680740E-05
    53    86    4.0963543652E-05
    53    87    6.7577972403E-05
    53    88    1.4750676540E-05
    53    89    1.9915206332E-05
    53    90    1.4129037978E-05
    53    91    1.6519933981E-05
    54    76    1.8311136837E-06
    54    77    1.0444685632E-04
    54    78    1.6328063182E-05
    54    79    9.2491880238E-05
    54    80    3.8275125861E-06
    54    81    1.3573019213E-05
    54    82    3.1107245786E-06
    54    83    6.7491110430E-06
    54    84    6.0249374176E-06
    54    85    1.3310767309E-05
    54    86    7.3421395590E-06
    54    87    1.4959639048E-05
    54    88    4.8121866703E-06
    54    89    3.5454011923E-06
    54    90    2.1942121944E-06
    54    91    3.2210254989E-06
    54    92    2.2332618422E-06
    55    77    1.8272806450E-07
    55    78    9.6980808136E-05
    55    79    9.8462037139E-05
    55    80    1.1116375426E-05
    55    81    3.2803294653E-05
    55    82    1.1630476696E-05
    55    83    2.6312247498E-05
    55    84    1.9467181095E-05
    55    85    7.1311526545E-05
    55    86    3.8891694769E-05
    55    87    9.2499769579E-05
    55    88    3.2951542811E-05
    55    89    1.5460562573E-05
    55    90    8.6943602608E-06
    55    91    1.4101166563E-05
    55    92    8.9892410028E-06
    55    93    1.2363384031E-05
    55    94    8.3343311578E-07
    56    79    1.5490860263E-08
    56    80    1.3192459205E-06
    56    81    5.0327014105E-06
    56    82    1.2694870010E-06
    56    83    3.5278321343E-06
    56    84    1.3929821827E-06
    56    85    3.5287294547E-06
    56    86    1.3604964316E-06
    56    87    3.1276907522E-06
    56    88    1.3779832080E-06
    56    89    2.8430127251E-06
    56    90    1.3914318060E-06
    56    91    2.6546970574E-06
    56    92    1.4704313060E-06
    56    93    2.4631825929E-06
    56    94    7.1778462310E-07
    56    95    4.0781071348E-07
    56    96    8.8454866570E-08
    57    81    5.2791413789E-08
    57    82    5.8596639160E-06
    57    83    1.6447845657E-05
    57    84    5.6638894575E-06
    57    85    1.5719316273E-05
    57    86    5.8601029862E-06
    57    87    1.4049788252E-05
    57    88    5.8686439718E-06
    57    89    1.2811369643E-05
    57    90    5.8599065157E-06
    57    91    1.1948555153E-05
    57    92    6.0989071177E-06
    57    93    1.1090032314E-05
    57    94    3.0933002409E-06
    57    95    1.1849592498E-06
    57    96    7.5347110422E-07
    57    97    1.0751633442E-06
    58    83    2.4160574300E-08
    58    84    9.0098922689E-07
    58    85    2.7880142761E-06
    58    86    9.4516539245E-07
    58    87    2.6935281112E-06
    58    88    9.9631850268E-07
    58    89    2.5177428154E-06
    58    90    1.0144209426E-06
    58    91    2.3989721546E-06
    58    92    1.0710700744E-06
    58    93    2.2704754555E-06
    58    94    1.1440620458E-06
    58    95    2.0963281270E-06
    58    96    6.9832512131E-08
    58    97    1.1767156398E-07
    58    98    2.4424525274E-08
    59    85    1.1438315730E-07
    59    86    4.2625730861E-06
    59    87    1.2259179580E-05
    59    88    4.4430011691E-06
    59    89    1.1711686767E-05
    59    90    4.6360870646E-06
    59    91    1.1009789960E-05
    59    92    4.7040625155E-06
    59    93    1.0499201174E-05
    59    94    4.9266417019E-06
    59    95    9.6786599500E-06
    59    96    1.6060319485E-07
    59    97    2.9721768609E-07
    59    98    1.6754317224E-07
    59    99    2.7639634163E-07
    60    88    3.0623777045E-07
    60    89    2.4162031619E-06
    60    90    8.4670537107E-07
    60    91    2.3239590649E-06
    60    92    8.7716433346E-07
    60    93    2.2524169738E-06
    60    94    9.3155953256E-07
    60    95    2.1239816974E-06
    60    96    1.1353835905E-08
    60    97    2.4850851908E-08
    60    98    1.2108803327E-08
    60    99    2.4442619641E-08
    60   100    1.3260847830E-08
    60   101    2.2832938021E-08
    61    92    1.5080929563E-06
    61    93    1.0281366526E-05
    61    94    2.1503100330E-08
    61    95    5.6212130261E-08
    61    96    2.3201936973E-08
    61    97    5.4774139083E-08
    61    98    2.5082014803E-08
    61    99    5.2992991029E-08
    61   100    2.6470171297E-08
    61   101    5.0306271138E-08
    61   102    4.2982473883E-13
    62    94    5.6562794602E-10
    62    95    3.4879676849E-09
    62    96    1.2567935098E-09
    62    97    3.4903139131E-09
    62    98    1.3913255209E-09
    62    99    3.4676506978E-09
    62   100    1.4976911460E-09
    62   101    3.4584446545E-09
    62   102    6.2888854215E-10
    62   103    6.4622379713E-14
    63    96    1.0848127681E-09
    63    97    6.7010021719E-09
    63    98    2.4836360661E-09
    63    99    6.6485639237E-09
    63   100    2.7165720762E-09
    63   101    6.5483632829E-09
    63   102    2.8911314868E-09
    63   103    6.3332958165E-09
    63   104    8.9956443987E-14
    64    97    5.1906179008E-18
    64    98    2.1349296029E-16
    64    99    3.8335230986E-12
    64   100    1.1545141286E-10
    64   101    3.2754028523E-10
    64   102    1.2940009936E-10
    64   103    3.2317754088E-10
    64   104    3.4721574574E-16
    64   105    1.0401022491E-15
    65   100    1.2851861502E-16
    65   101    7.8439316674E-16
    65   102    2.5438093472E-16
    65   103    8.2667705147E-16
    65   104    2.8931934973E-16
    65   105    8.6446149718E-16
    65   106    1.2036270418E-15
    66   102    1.2739375527E-18
    66   103    7.7655980604E-18
    66   104    2.4801124696E-18
    66   105    8.4296718911E-18
    66   106    2.9002408114E-18
    66   107    8.9410327236E-18
    67   106    1.3688052428E-18
    67   107    6.9464232336E-18
