     0     1    1.1019036872E+01
    32    47    1.7657705651E-07
    32    48    2.1059910420E-03
    33    47    1.1343339515E-07
    33    48    1.1223966882E-02
    33    49    3.9488640304E-02
    33    50    1.1994928179E-02
    33    51    3.8808614514E-02
    33    52    1.1564937977E-02
    34    47    1.7185351560E-07
    34    48    1.4676485287E-03
    34    49    8.1961172900E-03
    34    50    1.8589130873E-03
    34    51    8.0642979202E-03
    34    52    2.1203235004E-03
    34    53    8.0098929081E-03
    34    54    1.6651238363E-03
    35    48    1.0338549524E-05
    35    49    1.9447147934E-02
    35    50    5.7344049616E-03
    35    51    1.9212088402E-02
    35    52    6.0779870793E-03
    35    53    1.8960818469E-02
    35    54    7.4548399293E-03
    35    55    1.8571392826E-02
    35    56    5.7064525461E-03
    36    49    2.5793761455E-07
    36    50    6.9481657694E-04
    36    51    3.2205961960E-03
    36    52    9.0372624107E-04
    36    53    3.6145155424E-03
    36    54    1.0584100282E-03
    36    55    3.5741660834E-03
    36    56    1.2192290032E-03
    36    57    3.5002197284E-03
    36    58    1.3090040136E-03
    36    59    2.9893134800E-03
    37    50    9.5444692622E-05
    37    51    6.8652845748E-03
    37    52    2.1540614131E-03
    37    53    7.5444969348E-03
    37    54    2.3167822784E-03
    37    55    7.4584812372E-03
    37    56    2.5558817958E-03
    37    57    7.2593906000E-03
    37    58    2.7994388844E-03
    37    59    7.0099835563E-03
    37    60    2.0283895764E-03
    38    51    9.7827184711E-07
    38    52    1.8217406070E-04
    38    53    8.6119368124E-04
    38    54    2.2038465334E-04
    38    55    8.7145211011E-04
    38    56    2.5293149882E-04
    38    57    8.7300979724E-04
    38    58    2.8992371338E-04
    38    59    8.6120906614E-04
    38    60    3.3248779216E-04
    38    61    8.3536119708E-04
    38    62    1.9689866230E-04
    38    63    3.9600574126E-05
    39    52    4.0447144674E-05
    39    53    1.5498687954E-03
    39    54    4.2784453855E-04
    39    55    1.6254865252E-03
    39    56    4.7590648476E-04
    39    57    1.6084348345E-03
    39    58    5.2257625293E-04
    39    59    1.5781087060E-03
    39    60    5.7577204769E-04
    39    61    1.5281115829E-03
    39    62    6.3593382825E-04
    39    63    1.4574160722E-03
    39    64    3.8438997634E-04
    40    53    2.2431296482E-07
    40    54    2.5598960409E-05
    40    55    1.2154435574E-04
    40    56    3.0487725862E-05
    40    57    1.2468251764E-04
    40    58    3.5314312207E-05
    40    59    1.2622605330E-04
    40    60    4.0639607862E-05
    40    61    1.2560643899E-04
    40    62    4.6448253755E-05
    40    63    1.2271915078E-04
    40    64    5.2725300742E-05
    40    65    1.1749150383E-04
    40    66    2.4942593616E-05
    40    67    2.2812462772E-06
    41    55    4.6691267592E-07
    41    56    4.8262395263E-05
    41    57    1.9931637429E-04
    41    58    5.5015755223E-05
    41    59    1.9922160288E-04
    41    60    6.1273981734E-05
    41    61    1.9688578444E-04
    41    62    6.7980741706E-05
    41    63    1.9150202727E-04
    41    64    7.8916791285E-05
    41    65    6.8983048412E-02
    41    66    1.0616552789E-02
    41    67    1.7070592903E-04
    41    68    5.0017683623E-07
    42    56    5.3534919034E-07
    42    57    8.8609968035E-06
    42    58    2.0832901027E-06
    42    59    9.2921812215E-06
    42    60    2.4454350794E-06
    42    61    9.5727451138E-06
    42    62    2.8325325533E-06
    42    63    9.6613956849E-06
    42    64    5.6524537280E-04
    42    65    1.0533406360E-02
    42    66    5.8261787432E-04
    42    67    1.0230338784E-02
    42    68    5.9835052579E-04
    42    69    9.8002127222E-03
    42    70    5.4627555835E-04
    43    57    2.9894297511E-08
    43    58    2.6354929947E-06
    43    59    1.1981684981E-05
    43    60    3.0186360253E-06
    43    61    1.2249336412E-05
    43    62    3.4084564965E-06
    43    63    1.2268598871E-05
    43    64    1.0481022502E-02
    43    65    6.6565213751E-02
    43    66    1.0217508782E-02
    43    67    6.3997743981E-02
    43    68    9.8318242205E-03
    43    69    6.0975734349E-02
    43    70    9.3188147505E-03
    43    71    5.7355050995E-02
    43    72    8.6701075407E-03
    43    73    5.2994497506E-02
    44    58    2.8740334250E-11
    44    59    1.2741134174E-09
    44    60    6.0918313715E-08
    44    61    3.1389855348E-07
    44    62    7.2977345155E-08
    44    63    3.3100942066E-07
    44    64    5.4876100156E-04
    44    65    1.0145325779E-02
    44    66    5.5333644089E-04
    44    67    9.7820895932E-03
    44    68    5.4907226232E-04
    44    69    9.2794744778E-03
    44    70    5.3520955151E-04
    44    71    8.6132236236E-03
    44    72    5.1607903768E-04
    44    73    7.7581716824E-03
    44    74    5.1400322485E-04
    44    75    6.6721478926E-03
    45    59    5.7433977855E-13
    45    60    1.8810044460E-08
    45    61    3.0724813122E-07
    45    62    6.7353790732E-08
    45    63    3.2211228746E-07
    45    64    8.1488056967E-08
    45    65    6.3876407681E-02
    45    66    9.7048234232E-03
    45    67    6.0887657038E-02
    45    68    9.2315400885E-03
    45    69    5.7327916380E-02
    45    70    8.5973143621E-03
    45    71    5.3040408211E-02
    45    72    7.7838424176E-03
    45    73    4.7808940283E-02
    45    74    6.7787054278E-03
    45    75    4.1365020130E-02
    45    76    5.5907421286E-03
    45    77    3.3384468091E-02
    46    61    2.2229464905E-15
    46    62    2.6878452317E-10
    46    63    4.1599094736E-09
    46    64    1.6577331823E-08
    46    65    9.5854710826E-03
    46    66    5.2068152670E-04
    46    67    9.1418274824E-03
    46    68    5.0663684767E-04
    46    69    8.5337074149E-03
    46    70    4.7880198187E-04
    46    71    7.7393661117E-03
    46    72    4.3646985995E-04
    46    73    6.7356503593E-03
    46    74    3.8658711375E-04
    46    75    5.5005687250E-03
    46    76    3.3234703113E-04
    46    77    4.0511624333E-03
    46    78    2.7471670071E-03
    47    62    3.3104520915E-14
    47    63    7.4285706387E-12
    47    64    5.4524889490E-10
    47    65    3.1024256101E-09
    47    66    9.0152108370E-03
    47    67    5.7140823031E-02
    47    68    8.4365483013E-03
    47    69    5.2888037752E-02
    47    70    7.6714058077E-03
    47    71    4.7699967418E-02
    47    72    6.6951664682E-03
    47    73    4.1313729950E-02
    47    74    5.4965445648E-03
    47    75    3.3424705061E-02
    47    76    4.0976715369E-03
    47    77    2.3839037514E-02
    47    78    2.6118572408E-03
    47    79    1.2943400936E-02
    47    80    1.0689571939E-03
    48    64    7.0274935502E-17
    48    65    3.9806826658E-14
    48    66    3.5766328640E-09
    48    67    8.3055017178E-03
    48    68    4.5004878338E-04
    48    69    7.5701958108E-03
    48    70    4.1244509579E-04
    48    71    6.6225938834E-03
    48    72    3.5819786299E-04
    48    73    5.4465616647E-03
    48    74    2.9047307545E-04
    48    75    4.0534607325E-03
    48    76    2.1731643863E-04
    48    77    2.5190447666E-03
    48    78    1.5042523793E-04
    48    79    1.0429726482E-03
    48    80    5.6049754143E-05
    48    81    7.6569936327E-05
    48    82    5.8410488778E-06
    49    65    3.8794108984E-19
    49    66    4.1894249571E-17
    49    67    9.1232134960E-14
    49    68    7.4392876482E-03
    49    69    4.7426900722E-02
    49    70    6.5260366826E-03
    49    71    4.1084779486E-02
    49    72    5.3791579423E-03
    49    73    3.3255107009E-02
    49    74    4.0170205972E-03
    49    75    2.3747914787E-02
    49    76    2.5212003445E-03
    49    77    1.2962807515E-02
    49    78    1.1196762166E-03
    49    79    3.2090343340E-03
    49    80    1.1688962932E-04
    49    81    2.5128954524E-04
    49    82    2.1640148447E-04
    49    83    3.7236010622E-04
    50    68    1.7220583185E-09
    50    69    6.3993786729E-03
    50    70    3.3342214595E-04
    50    71    5.2910007217E-03
    50    72    2.7154304164E-04
    50    73    3.9610111446E-03
    50    74    1.9871349438E-04
    50    75    2.4844627761E-03
    50    76    1.2490103718E-04
    50    77    1.0541623833E-03
    50    78    5.0044357617E-05
    50    79    8.2198864910E-05
    50    80    1.1204845157E-05
    50    81    4.2958355851E-05
    50    82    1.1855608598E-04
    50    83    3.9379624395E-04
    50    84    3.7984435763E-04
    50    85    1.6338202217E-03
    51    68    1.6940658945E-21
    51    69    3.5575383785E-20
    51    70    4.5883990302E-10
    51    71    3.2932827723E-02
    51    72    3.8916343654E-03
    51    73    2.3519211077E-02
    51    74    2.4515975874E-03
    51    75    1.2858972500E-02
    51    76    1.0602397320E-03
    51    77    3.2320794043E-03
    51    78    1.0128524677E-04
    51    79    2.6588723393E-04
    51    80    7.2025238551E-05
    51    81    5.1748625752E-04
    51    82    8.6649237174E-04
    51    83    7.3448215247E-03
    51    84    2.4346086227E-03
    51    85    1.7983407942E-02
    51    86    3.7060076471E-03
    51    87    7.3017394589E-20
    52    70    2.7797156907E-08
    52    71    6.5935095272E-07
    52    72    4.1828128733E-07
    52    73    2.2414758860E-06
    52    74    1.0119342090E-06
    52    75    5.4393287469E-06
    52    76    3.7028213193E-06
    52    77    3.8073920317E-05
    52    78    1.8756220916E-05
    52    79    9.1726235676E-05
    52    80    6.9219881352E-06
    52    81    9.4415458456E-06
    52    82    2.3503075921E-06
    52    83    4.0184288108E-06
    52    84    2.0869706204E-06
    52    85    3.4368792037E-06
    52    86    1.3296227276E-06
    52    87    1.2274540506E-06
    52    88    3.5685343098E-07
    52    89    4.0037121393E-07
    53    72    5.3804397915E-07
    53    73    1.4229024164E-05
    53    74    5.3268850545E-06
    53    75    4.0013554791E-05
    53    76    4.7982327214E-05
    53    77    4.7620898518E-04
    53    78    9.4745676946E-05
    53    79    2.0249805512E-04
    53    80    1.1926180710E-05
    53    81    2.9101215794E-05
    53    82    9.7712748387E-06
    53    83    1.8752388150E-05
    53    84    9.8958569212E-06
    53    85    1.8340393826E-05
    53    86    1.3467320504E-05
    53    87    2.2918749477E-05
    53    88    3.6095367807E-06
    53    89    4.6731671692E-06
    53    90    3.8957063896E-07
    54    74    7.8623451954E-07
    54    75    3.1356237647E-05
    54    76    1.2047107821E-05
    54    77    7.2646692044E-05
    54    78    5.0795737464E-06
    54    79    6.6892230842E-06
    54    80    1.2372333749E-06
    54    81    4.3062530908E-06
    54    82    1.5028942771E-06
    54    83    3.5075191164E-06
    54    84    1.7679518599E-06
    54    85    3.9663230927E-06
    54    86    3.1626460931E-06
    54    87    7.2612308254E-06
    54    88    3.7395755989E-06
    54    89    8.9330901000E-07
    54    90    2.8710125969E-07
    54    91    2.1397702866E-07
    54    92    4.6147987863E-08
    55    75    8.5574679587E-08
    55    76    4.8978420149E-05
    55    77    1.4227006227E-04
    55    78    7.1513254907E-06
    55    79    1.7028343380E-05
    55    80    3.4787408306E-06
    55    81    2.0059223508E-05
    55    82    7.4100223147E-06
    55    83    1.8769525485E-05
    55    84    9.8488039865E-06
    55    85    2.5409709077E-05
    55    86    3.0891615769E-05
    55    87    1.0751734445E-04
    55    88    1.4385339357E-04
    55    89    3.4409381279E-04
    55    90    2.3265451609E-06
    55    91    3.6165264149E-06
    55    92    4.6173289412E-07
    55    93    6.2077110142E-07
    56    77    5.5419269755E-09
    56    78    5.2389491477E-07
    56    79    1.8718606399E-06
    56    80    3.6525592024E-07
    56    81    1.4317676184E-06
    56    82    1.3039803198E-06
    56    83    4.1242379994E-06
    56    84    2.2934304456E-06
    56    85    7.6982594811E-06
    56    86    1.4073791037E-05
    56    87    6.5648778835E-05
    56    88    2.3254844530E-05
    56    89    6.3863229983E-05
    56    90    2.4655334533E-06
    56    91    7.2841225044E-07
    56    92    1.8394267547E-07
    56    93    8.0639545471E-08
    56    94    5.1832501978E-08
    56    95    7.2291344590E-08
    57    78    2.4184771254E-07
    57    79    7.7138737243E-06
    57    80    1.5718281759E-06
    57    81    6.1783003645E-06
    57    82    1.7633204824E-06
    57    83    5.2033855163E-06
    57    84    2.1080607478E-05
    57    85    1.1370138059E-04
    57    86    1.1025264775E-04
    57    87    3.7893353842E-04
    57    88    8.5739152171E-05
    57    89    6.3042812136E-05
    57    90    7.5919878966E-06
    57    91    3.3679262957E-06
    57    92    1.7530244130E-06
    57    93    3.0526062536E-06
    57    94    1.3427808861E-07
    57    95    2.1697480911E-07
    57    96    4.9884482289E-08
    58    80    3.8466339743E-08
    58    81    1.0527839352E-06
    58    82    2.7757565759E-07
    58    83    9.0930195250E-07
    58    84    2.7320791571E-07
    58    85    8.3024528292E-07
    58    86    7.1665453850E-06
    58    87    6.9026898585E-05
    58    88    3.4310843059E-06
    58    89    6.1143274185E-06
    58    90    2.9832785130E-07
    58    91    6.9352088413E-07
    58    92    3.1576787329E-07
    58    93    6.4419965515E-07
    58    94    1.1557917929E-08
    58    95    2.2065712475E-08
    58    96    1.2551092530E-08
    58    97    2.1051462990E-08
    58    98    4.3846336676E-09
    59    82    3.7376161534E-07
    59    83    4.2111747071E-06
    59    84    1.2956357132E-06
    59    85    3.9221720393E-06
    59    86    1.2932170470E-06
    59    87    3.6552182370E-06
    59    88    1.3391301287E-06
    59    89    3.4111778364E-06
    59    90    1.3808959557E-06
    59    91    3.2219644437E-06
    59    92    1.4050601107E-06
    59    93    3.0834370140E-06
    59    94    7.3579739417E-07
    59    95    5.5120487264E-08
    59    96    2.8463852498E-08
    59    97    5.2573686675E-08
    59    98    2.9731769601E-08
    59    99    4.8946999048E-08
    60    84    7.3221042160E-08
    60    85    7.8381719443E-07
    60    86    2.3232504215E-07
    60    87    7.5054704447E-07
    60    88    2.3996316667E-07
    60    89    7.1952436547E-07
    60    90    2.5649779933E-07
    60    91    6.8716414578E-07
    60    92    2.6484300444E-07
    60    93    6.6801029277E-07
    60    94    1.4063332515E-07
    60    95    4.3939677605E-09
    60    96    1.9658766224E-09
    60    97    4.2861518214E-09
    60    98    2.0978116325E-09
    60    99    4.2197867103E-09
    60   100    8.1880932785E-10
    61    87    2.9074542155E-08
    61    88    1.1329223155E-06
    61    89    3.3815015309E-06
    61    90    1.1843772059E-06
    61    91    3.2162625168E-06
    61    92    1.2048377646E-06
    61    93    3.1067508046E-06
    61    94    7.2126389391E-07
    61    95    9.5734317639E-09
    61    96    3.9577773010E-09
    61    97    9.3354928876E-09
    61    98    4.2804768315E-09
    61    99    9.0379282123E-09
    61   100    4.5195543899E-09
    61   101    8.5847058944E-09
    62    89    4.0397613504E-12
    62    90    1.5954018402E-10
    62    91    7.6603955939E-09
    62    92    2.3706549654E-07
    62    93    6.7034801250E-07
    62    94    1.9063777362E-10
    62    95    5.8288986370E-10
    62    96    2.1085008685E-10
    62    97    5.8306312071E-10
    62    98    2.3321091350E-10
    62    99    5.7912892610E-10
    62   100    2.5088745914E-10
    62   101    5.7750132592E-10
    62   102    1.0542623348E-10
    63    90    1.1480753539E-10
    63    91    1.0906760435E-09
    63    92    3.2064921887E-10
    63    93    1.0984071125E-09
    63    94    3.5083018053E-10
    63    95    1.1008303603E-09
    63    96    3.7522413044E-10
    63    97    1.1060131709E-09
    63    98    4.1010313269E-10
    63    99    1.0967593531E-09
    63   100    4.4823698196E-10
    63   101    1.0797987875E-09
    63   102    4.7680284268E-10
    63   103    1.0672148293E-09
    63   104    2.0654667370E-10
    64    93    3.3698709106E-13
    64    94    1.3597925581E-11
    64    95    4.9970403608E-11
    64    96    1.5322094491E-11
    64    97    5.1276673215E-11
    64    98    1.6807039769E-11
    64    99    5.2627058039E-11
    64   100    1.8840067906E-11
    64   101    5.3216584215E-11
    64   102    2.1074515803E-11
    64   103    5.3312859878E-11
    64   104    9.1997684156E-12
    64   105    1.4549403490E-16
    65    94    8.7441265573E-12
    65    95    8.2818651209E-11
    65    96    2.3894029218E-11
    65    97    8.4836542061E-11
    65    98    2.6592698312E-11
    65    99    8.6213904004E-11
    65   100    2.8880721016E-11
    65   101    8.7657769566E-11
    65   102    3.1979013743E-11
    65   103    8.7818306121E-11
    65   104    3.4429912345E-11
    65   105    8.6560772330E-11
    65   106    1.7422224283E-17
    66    97    2.0320286523E-14
    66    98    7.9959753689E-13
    66    99    3.0348903864E-12
    66   100    8.9396186580E-13
    66   101    3.1782948804E-12
    66   102    1.0199419434E-12
    66   103    3.2783395817E-12
    66   104    1.1576805866E-12
    66   105    3.3496155339E-12
    66   106    5.3535458401E-13
    66   107    1.4414242121E-18
    67    98    8.1315162936E-20
    67    99    3.2094566262E-14
    67   100    1.2296112953E-12
    67   101    4.5274297617E-12
    67   102    1.3591029750E-12
    67   103    4.6967526168E-12
    67   104    1.5288701837E-12
    67   105    4.7943738687E-12
    67   106    7.8197942099E-13
    67   107    1.1384122811E-18
    67   108    1.3215457778E-19
    68   103    1.0110049733E-15
    68   104    1.7937880998E-14
    68   105    1.3552527156E-20
    68   109    8.7603935884E-21
    69   107    1.3552527156E-20
    69   109    1.3552527156E-20
    69   110    6.2138986197E-22
    70   110    2.7504555989E-24
    71   110    1.5350986838E-24
