     0     1    4.3087422696E+00
    42    63    1.1011728878E-09
    42    64    4.8209899663E-08
    42    65    2.4680383744E-07
    42    66    5.0924602841E-04
    42    67    1.0267282135E-02
    42    68    5.7764755294E-04
    42    69    9.9464685372E-03
    42    70    6.8120516311E-04
    42    71    9.5038168988E-03
    43    63    8.4105352758E-10
    43    64    3.9071502749E-08
    43    65    1.5711424801E-07
    43    66    1.0314489729E-02
    43    67    8.5875038773E-02
    43    68    1.0104930759E-02
    43    69    8.2142789770E-02
    43    70    9.8868614426E-03
    43    71    7.7961363838E-02
    43    72    9.6646630974E-03
    43    73    7.3265759054E-02
    43    74    8.8474411327E-03
    44    64    1.7488118272E-10
    44    65    9.1159879053E-09
    44    66    4.5935362074E-04
    44    67    1.0005865550E-02
    44    68    4.8692347712E-04
    44    69    9.7043153002E-03
    44    70    5.1954048320E-04
    44    71    9.2994882571E-03
    44    72    5.6848123786E-04
    44    73    8.7733375292E-03
    44    74    6.8056597878E-04
    44    75    8.0680159655E-03
    44    76    4.3359264443E-04
    45    65    6.7135506735E-10
    45    66    9.9201900681E-03
    45    67    8.1900323647E-02
    45    68    9.6701516013E-03
    45    69    7.7955927420E-02
    45    70    9.3365223363E-03
    45    71    7.3553899961E-02
    45    72    8.9203831094E-03
    45    73    6.8573786235E-02
    45    74    8.4402860899E-03
    45    75    6.2871411778E-02
    45    76    7.9283487810E-03
    45    77    6.2972163547E-02
    46    66    1.1322843114E-06
    46    67    9.5557942879E-03
    46    68    4.5467641693E-04
    46    69    9.2378373966E-03
    46    70    4.6512854147E-04
    46    71    8.8092476588E-03
    46    72    4.7367809137E-04
    46    73    8.2566420393E-03
    46    74    4.9769902808E-04
    46    75    7.5431548284E-03
    46    76    5.2753173717E-04
    46    77    6.6613433026E-03
    46    78    6.4715001049E-03
    47    67    2.4652805927E-10
    47    68    9.1220943506E-03
    47    69    7.3142704596E-02
    47    70    8.7339763564E-03
    47    71    6.8334841396E-02
    47    72    8.2278690137E-03
    47    73    6.2832029826E-02
    47    74    7.5940951996E-03
    47    75    5.6444430624E-02
    47    76    6.8296517366E-03
    47    77    4.8935290070E-02
    47    78    5.9420004188E-03
    47    79    3.9968827788E-02
    47    80    4.9644086282E-03
    47    81    2.9205893224E-02
    47    82    3.1270976254E-03
    48    68    3.8168331709E-07
    48    69    8.6059472839E-03
    48    70    4.3254972498E-04
    48    71    8.1248621981E-03
    48    72    4.2700952158E-04
    48    73    7.5003767673E-03
    48    74    4.1749946635E-04
    48    75    6.7069310341E-03
    48    76    4.0362249960E-04
    48    77    5.7167299722E-03
    48    78    3.8950439837E-04
    48    79    4.4962573941E-03
    48    80    3.7253253861E-04
    48    81    3.0303430534E-03
    48    82    6.7502885860E-04
    48    83    1.0440068324E-03
    49    69    1.0950826811E-10
    49    70    8.0008988599E-03
    49    71    6.2305741489E-02
    49    72    7.4089380307E-03
    49    73    5.6079906251E-02
    49    74    6.6564718849E-03
    49    75    4.8743372748E-02
    49    76    5.7237307204E-03
    49    77    3.9976298876E-02
    49    78    4.5977648068E-03
    49    79    2.9481338635E-02
    49    80    3.3059255935E-03
    49    81    1.7203618544E-02
    49    82    2.7462488393E-03
    49    83    3.9204347039E-03
    49    84    2.7459965998E-04
    49    85    1.7727913919E-04
    50    70    2.0143073230E-07
    50    71    7.2833216455E-03
    50    72    3.8373306644E-04
    50    73    6.5592932060E-03
    50    74    3.6043499722E-04
    50    75    5.6378657552E-03
    50    76    3.2514750750E-04
    50    77    4.4904380154E-03
    50    78    2.8431332212E-04
    50    79    3.0867491375E-03
    50    80    2.2741144968E-04
    50    81    1.4864951999E-03
    50    82    1.2523406015E-04
    50    83    1.1516884638E-04
    50    84    2.6391756695E-05
    50    85    3.7749278630E-05
    50    86    2.8408167467E-04
    50    87    5.0687665916E-04
    51    71    7.4533519870E-11
    51    72    6.4437521072E-03
    51    73    4.8200237282E-02
    51    74    5.5596341295E-03
    51    75    3.9614518176E-02
    51    76    4.4499211834E-03
    51    77    2.9306885436E-02
    51    78    3.1106368679E-03
    51    79    1.7251356391E-02
    51    80    1.6116875809E-03
    51    81    5.0125729062E-03
    51    82    2.3921411040E-04
    51    83    2.3665940143E-04
    51    84    3.0471109949E-04
    51    85    7.7569091843E-04
    51    86    2.4461543868E-03
    51    87    8.9718295872E-03
    51    88    2.3424117875E-03
    52    72    1.0755890276E-07
    52    73    5.4559477080E-03
    52    74    3.0045023238E-04
    52    75    4.3781779095E-03
    52    76    2.5164842258E-04
    52    77    3.0472960755E-03
    52    78    1.8632170316E-04
    52    79    1.5037989615E-03
    52    80    8.4203571660E-05
    52    81    1.5456495971E-04
    52    82    1.9907282584E-05
    52    83    4.3509763702E-05
    52    84    1.6239298789E-04
    52    85    6.3409591412E-04
    52    86    5.1886686114E-04
    52    87    2.0414506925E-03
    52    88    9.3562693135E-04
    52    89    3.3340677793E-03
    53    74    3.0373259850E-07
    53    75    5.8571909552E-06
    53    76    2.1536932245E-06
    53    77    1.3297222691E-05
    53    78    6.2153735669E-06
    53    79    3.4861143736E-05
    53    80    6.2268580703E-05
    53    81    5.8508434406E-04
    53    82    1.4261046058E-04
    53    83    1.2821724892E-04
    53    84    1.1345082670E-05
    53    85    1.4980618178E-05
    53    86    5.7002112308E-06
    53    87    8.1344800961E-06
    53    88    4.5685203360E-06
    53    89    5.8197571656E-06
    53    90    2.4811601919E-06
    53    91    2.8080813821E-06
    54    75    4.7642256984E-09
    54    76    3.8577372964E-07
    54    77    2.2023370988E-06
    54    78    2.0429589788E-06
    54    79    2.4730739371E-05
    54    80    1.9273856964E-05
    54    81    9.1702553108E-05
    54    82    5.1761270934E-06
    54    83    5.0701152011E-06
    54    84    1.0660442472E-06
    54    85    1.9105426874E-06
    54    86    7.4410146044E-07
    54    87    1.2876621842E-06
    54    88    6.5719560639E-07
    54    89    1.0206073434E-06
    54    90    4.9271421781E-07
    54    91    6.1358705638E-07
    54    92    1.3230141446E-07
    55    76    8.2980043405E-07
    55    77    2.2197169470E-05
    55    78    2.4848578122E-05
    55    79    2.9888384707E-04
    55    80    5.7529180231E-05
    55    81    9.3299104414E-05
    55    82    6.7390965931E-06
    55    83    1.3092219210E-05
    55    84    3.6710762362E-06
    55    85    7.2108455760E-06
    55    86    2.8681498369E-06
    55    87    5.3507908052E-06
    55    88    2.5934467465E-06
    55    89    4.3971620989E-06
    55    90    2.4484667379E-06
    55    91    3.8550946356E-06
    55    92    2.0978662103E-06
    55    93    2.5092995229E-06
    56    78    1.2818002294E-06
    56    79    5.2198938170E-05
    56    80    2.9384057970E-06
    56    81    4.0997036488E-06
    56    82    6.2438639699E-07
    56    83    1.4708261096E-06
    56    84    4.8809869739E-07
    56    85    1.1501302848E-06
    56    86    4.2385104146E-07
    56    87    9.2934818697E-07
    56    88    4.0359973839E-07
    56    89    8.0311519981E-07
    56    90    3.9256767632E-07
    56    91    7.2643402985E-07
    56    92    4.0392269890E-07
    56    93    6.5628413112E-07
    56    94    1.2444955733E-07
    57    80    5.0122128915E-07
    57    81    1.1523564653E-05
    57    82    2.4381270814E-06
    57    83    6.0742796363E-06
    57    84    1.8572484403E-06
    57    85    4.5244864677E-06
    57    86    1.8003409320E-06
    57    87    4.1197470710E-06
    57    88    1.7166162833E-06
    57    89    3.6087696519E-06
    57    90    1.6608222684E-06
    57    91    3.2767989172E-06
    57    92    1.6882176509E-06
    57    93    2.9822524552E-06
    57    94    1.7393758911E-06
    57    95    2.6256312322E-06
    58    81    3.8566938926E-09
    58    82    3.5584385776E-07
    58    83    1.0623224947E-06
    58    84    2.9786999707E-07
    58    85    8.6670339807E-07
    58    86    2.8535543488E-07
    58    87    7.5315972002E-07
    58    88    2.9192954773E-07
    58    89    7.0893476609E-07
    58    90    2.8930175132E-07
    58    91    6.6030532934E-07
    58    92    2.9897051452E-07
    58    93    6.1415138335E-07
    58    94    3.1378320228E-07
    58    95    5.7390953483E-07
    58    96    1.2677718296E-07
    59    83    3.6933423017E-08
    59    84    1.3796656470E-06
    59    85    4.0208701941E-06
    59    86    1.2963071714E-06
    59    87    3.5616749949E-06
    59    88    1.3015806234E-06
    59    89    3.2809364909E-06
    59    90    1.3189878253E-06
    59    91    3.0231789307E-06
    59    92    1.3138777403E-06
    59    93    2.8377766746E-06
    59    94    1.3541034821E-06
    59    95    2.6445663166E-06
    59    96    1.4124235582E-06
    59    97    2.3894036303E-06
    60    85    6.1217519236E-09
    60    86    2.3128912908E-07
    60    87    7.2651535572E-07
    60    88    2.3116757082E-07
    60    89    6.7682510936E-07
    60    90    2.4178358235E-07
    60    91    6.3721059461E-07
    60    92    2.4575418533E-07
    60    93    6.0878290047E-07
    60    94    2.5697334115E-07
    60    95    5.7847133082E-07
    60    96    2.7095208985E-07
    60    97    5.4903369667E-07
    60    98    1.2266592343E-07
    61    87    2.9166077682E-08
    61    88    1.0802615652E-06
    61    89    3.1553652896E-06
    61    90    1.1045594474E-06
    61    91    2.9427138980E-06
    61    92    1.1055973961E-06
    61    93    2.8068500098E-06
    61    94    1.1387897409E-06
    61    95    2.6566957031E-06
    61    96    1.1805774191E-06
    61    97    2.5157807152E-06
    61    98    6.0941392953E-07
    61    99    8.8561418074E-09
    62    89    5.8104911529E-09
    62    90    2.0955510615E-07
    62    91    6.3471952640E-07
    62    92    2.1682004381E-07
    62    93    6.0861361635E-07
    62    94    2.2157965341E-07
    62    95    5.8928009352E-07
    62    96    2.3276789803E-07
    62    97    5.6736485600E-07
    62    98    1.2417571143E-07
    62    99    5.6207234852E-10
    62   100    9.9830121474E-11
    63    92    3.2861354749E-07
    63    93    2.7798834907E-06
    63    94    1.0122747960E-06
    63    95    2.6560963201E-06
    63    96    1.0255947441E-06
    63    97    2.5590008484E-06
    63    98    6.1055772875E-07
    63    99    1.0446959810E-09
    63   100    1.9133167638E-10
