     0     1    5.2328949965E+00
    40    57    2.3759365404E-08
    40    58    1.2302794818E-06
    40    59    5.8572546065E-06
    40    60    4.1279742716E-05
    40    61    4.5284297469E-06
    40    62    1.7062579241E-06
    40    63    4.4309615577E-06
    41    58    6.2866149421E-07
    41    59    7.3623079843E-06
    41    60    1.1014484254E-04
    41    61    3.5625260964E-04
    41    62    7.5276976914E-05
    41    63    5.5132872769E-06
    41    64    2.1346719363E-06
    41    65    5.2506155021E-06
    42    59    4.3005686489E-10
    42    60    1.8139214980E-06
    42    61    1.6931676783E-05
    42    62    5.0030993723E-06
    42    63    1.7186444330E-05
    42    64    4.7833591715E-04
    42    65    1.0599565686E-02
    42    66    5.1101489329E-04
    42    67    1.0338049475E-02
    42    68    5.5921859824E-04
    42    69    9.9891213941E-03
    42    70    4.7839964554E-04
    43    59    3.3494557531E-10
    43    60    2.1432306596E-08
    43    61    2.1479644621E-07
    43    62    6.0678994710E-06
    43    63    2.2012672873E-05
    43    64    1.0542621643E-02
    43    65    8.3088780742E-02
    43    66    1.0358989800E-02
    43    67    7.9925912748E-02
    43    68    1.0086793514E-02
    43    69    7.6401481972E-02
    43    70    9.7598843008E-03
    43    71    7.2368670998E-02
    43    72    9.2005364723E-03
    44    61    2.8751727866E-12
    44    62    1.9279069421E-10
    44    63    4.4717296744E-09
    44    64    4.5943876889E-04
    44    65    1.0267899810E-02
    44    66    4.7551571352E-04
    44    67    1.0015181124E-02
    44    68    4.9190233164E-04
    44    69    9.6552488552E-03
    44    70    5.0849285971E-04
    44    71    9.1732948363E-03
    44    72    5.3396450976E-04
    44    73    8.5488295695E-03
    44    74    6.0555203482E-04
    44    75    7.7280884178E-03
    45    62    5.1802421710E-11
    45    63    6.4062234311E-10
    45    64    1.0569599738E-07
    45    65    7.9607104505E-02
    45    66    9.9260833409E-03
    45    67    7.6202561210E-02
    45    68    9.6090335252E-03
    45    69    7.2329798031E-02
    45    70    9.1800853641E-03
    45    71    6.7887565886E-02
    45    72    8.6334721854E-03
    45    73    6.2724774178E-02
    45    74    7.9735466802E-03
    45    75    5.6656328011E-02
    45    76    7.2180860283E-03
    45    77    4.9403445460E-02
    46    63    5.8240393031E-15
    46    64    4.8896830866E-13
    46    65    2.3945082117E-10
    46    66    4.5626170129E-04
    46    67    9.4999033130E-03
    46    68    4.6118821662E-04
    46    69    9.0956496088E-03
    46    70    4.6041170962E-04
    46    71    8.5563455868E-03
    46    72    4.5341680324E-04
    46    73    7.8638511256E-03
    46    74    4.5240493037E-04
    46    75    6.9831466855E-03
    46    76    4.5255809221E-04
    46    77    5.9020789994E-03
    46    78    3.1927364462E-04
    47    64    8.7012882522E-14
    47    65    1.2543241863E-12
    47    66    1.8163137781E-08
    47    67    7.1875466788E-02
    47    68    8.9803541958E-03
    47    69    6.7552507923E-02
    47    70    8.4776726634E-03
    47    71    6.2514708337E-02
    47    72    7.8233937219E-03
    47    73    5.6589115682E-02
    47    74    7.0026083973E-03
    47    75    4.9533805173E-02
    47    76    6.0074824759E-03
    47    77    4.1065769702E-02
    47    78    4.8523977048E-03
    47    79    3.0875521913E-02
    47    80    3.3025255406E-03
    48    66    1.8537316051E-16
    48    67    4.9766302347E-11
    48    68    4.2912114157E-04
    48    69    8.3541036728E-03
    48    70    4.2063864934E-04
    48    71    7.7292233561E-03
    48    72    4.0130018671E-04
    48    73    6.9269266742E-03
    48    74    3.7308900424E-04
    48    75    5.9230512669E-03
    48    76    3.3719133284E-04
    48    77    4.6985394226E-03
    48    78    2.9861583920E-04
    48    79    3.2550088983E-03
    48    80    2.5321882348E-04
    48    81    1.6729577838E-03
    48    82    8.4725889697E-05
    49    67    1.1299419516E-18
    49    68    5.0272873301E-09
    49    69    6.1958460145E-02
    49    70    7.6089811506E-03
    49    71    5.6154717407E-02
    49    72    6.8385915232E-03
    49    73    4.9227039986E-02
    49    74    5.8716634974E-03
    49    75    4.0896173902E-02
    49    76    4.6951109904E-03
    49    77    3.0867338471E-02
    49    78    3.3332304545E-03
    49    79    1.9138015642E-02
    49    80    1.8971641832E-03
    49    81    6.9417928800E-03
    49    82    4.4193499931E-04
    49    83    1.5904640191E-04
    50    69    2.3677649365E-11
    50    70    3.7281829290E-04
    50    71    6.7208908080E-03
    50    72    3.4554075697E-04
    50    73    5.7856899719E-03
    50    74    3.0501674245E-04
    50    75    4.6277252007E-03
    50    76    2.5161789463E-04
    50    77    3.2507499047E-03
    50    78    1.9371875653E-04
    50    79    1.7155808829E-03
    50    80    1.0979410299E-04
    50    81    3.3201409257E-04
    50    82    1.9932629592E-05
    50    83    2.9884436832E-05
    50    84    1.1618063077E-04
    50    85    2.5343595567E-04
    51    70    3.4446278926E-09
    51    71    4.8637801524E-02
    51    72    5.6808116301E-03
    51    73    4.0454864577E-02
    51    74    4.5612717956E-03
    51    75    3.0588935898E-02
    51    76    3.2223310816E-03
    51    77    1.9034866621E-02
    51    78    1.7532954787E-03
    51    79    7.0245339069E-03
    51    80    3.7337475698E-04
    51    81    2.3093162701E-04
    51    82    1.0377653674E-04
    51    83    2.0736419277E-04
    51    84    1.2134525525E-03
    51    85    6.1304345824E-03
    51    86    1.7822141306E-03
    52    71    2.2363639103E-11
    52    72    2.8204036830E-04
    52    73    4.4744995459E-03
    52    74    2.3261118247E-04
    52    75    3.1698928531E-03
    52    76    1.6969841559E-04
    52    77    1.7017270020E-03
    52    78    9.3045308443E-05
    52    79    3.4453289198E-04
    52    80    9.1789773178E-06
    52    81    3.9919188504E-05
    52    82    6.6427708113E-05
    52    83    3.0577399711E-04
    52    84    2.9717248439E-04
    52    85    1.6144980182E-03
    52    86    5.8536418510E-04
    52    87    3.1239669850E-03
    52    88    3.2373797306E-04
    53    72    1.7685578052E-07
    53    73    4.0554792825E-06
    53    74    1.7408597557E-06
    53    75    8.3441026049E-06
    53    76    3.1301219322E-06
    53    77    1.7229242469E-05
    53    78    2.7735171857E-05
    53    79    4.3894880239E-04
    53    80    1.0541468082E-04
    53    81    4.3373055450E-04
    53    82    1.5075235191E-05
    53    83    1.9961932635E-05
    53    84    4.2336277566E-06
    53    85    6.6526062069E-06
    53    86    3.1417870399E-06
    53    87    4.6414080056E-06
    53    88    2.1669884484E-06
    53    89    2.2668801087E-06
    54    74    6.0109560247E-08
    54    75    1.3463410912E-06
    54    76    8.3144404130E-07
    54    77    7.2089595775E-06
    54    78    1.2960992814E-05
    54    79    6.8690529370E-05
    54    80    1.0855293162E-05
    54    81    7.1219996951E-06
    54    82    1.1688281859E-06
    54    83    2.8396204551E-06
    54    84    1.1604001233E-06
    54    85    2.3560120605E-06
    54    86    4.4599751127E-07
    54    87    7.8666762226E-07
    54    88    4.2296786983E-07
    54    89    6.6171611253E-07
    54    90    1.3826289647E-07
    55    75    5.4426503037E-08
    55    76    9.3009641064E-06
    55    77    2.4331658476E-04
    55    78    4.8028096495E-05
    55    79    2.4079679864E-04
    55    80    7.6501812164E-06
    55    81    1.3819918763E-05
    55    82    2.8921059582E-06
    55    83    5.9238678046E-06
    55    84    3.8701341221E-06
    55    85    1.2079452845E-05
    55    86    1.8008036661E-06
    55    87    3.4097485015E-06
    55    88    1.7141413635E-06
    55    89    2.9249504084E-06
    55    90    1.6632878888E-06
    55    91    2.5331530086E-06
    56    77    3.5176303128E-08
    56    78    6.1420256783E-06
    56    79    5.3848522143E-06
    56    80    4.6021078943E-07
    56    81    1.5570333486E-06
    56    82    3.5734165277E-07
    56    83    9.1957675287E-07
    56    84    2.9736606475E-07
    56    85    7.1753418070E-07
    56    86    2.7810983937E-07
    56    87    6.1556916413E-07
    56    88    2.7463794481E-07
    56    89    5.4890008657E-07
    56    90    2.7274900298E-07
    56    91    5.0590770262E-07
    56    92    1.2890726050E-07
    56    93    5.6259164485E-08
    57    78    3.7144746889E-07
    57    79    1.1391363312E-05
    57    80    1.6669233142E-06
    57    81    5.3744425634E-06
    57    82    1.4237566261E-06
    57    83    3.9265190890E-06
    57    84    1.2860154232E-06
    57    85    3.1996715146E-06
    57    86    1.2093692128E-06
    57    87    2.7898174454E-06
    57    88    1.1865135655E-06
    57    89    2.5047179051E-06
    57    90    1.1682140881E-06
    57    91    2.3104671470E-06
    57    92    1.2017538899E-06
    57    93    2.0655797132E-06
    57    94    3.6271195824E-08
    58    80    3.4620114158E-08
    58    81    8.9291130634E-07
    58    82    2.1924447817E-07
    58    83    6.7444660053E-07
    58    84    2.0468049438E-07
    58    85    6.0420348172E-07
    58    86    2.0379471974E-07
    58    87    5.4196393233E-07
    58    88    2.0524485223E-07
    58    89    5.0000630863E-07
    58    90    2.0629950153E-07
    58    91    4.7180507443E-07
    58    92    2.1538097260E-07
    58    93    4.4304294973E-07
    58    94    9.9919298565E-08
    58    95    1.5244356360E-08
    58    96    3.0542978531E-09
    59    82    2.9169736671E-07
    59    83    3.1303328999E-06
    59    84    9.3445630366E-07
    59    85    2.7521410214E-06
    59    86    9.1945811753E-07
    59    87    2.5447138964E-06
    59    88    9.3214114659E-07
    59    89    2.3326081190E-06
    59    90    9.4639976649E-07
    59    91    2.1737749139E-06
    59    92    9.5142021649E-07
    59    93    2.0581109577E-06
    59    94    9.8774140335E-07
    59    95    1.8814851169E-06
    59    96    1.9353012993E-08
    59    97    3.4701379546E-08
    60    83    3.8712201377E-09
    60    84    1.6420423520E-07
    60    85    5.5252671836E-07
    60    86    1.6321580245E-07
    60    87    5.1489112596E-07
    60    88    1.6649017225E-07
    60    89    4.8913014295E-07
    60    90    1.7542149844E-07
    60    91    4.6159761177E-07
    60    92    1.7912351873E-07
    60    93    4.4437417213E-07
    60    94    1.8853685162E-07
    60    95    4.2492277380E-07
    60    96    9.2713190107E-08
    60    97    2.8469152825E-09
    60    98    5.4215202036E-10
    61    85    1.8502866794E-08
    61    86    7.7560340551E-07
    61    87    2.4163076420E-06
    61    88    7.7659408872E-07
    61    89    2.2747739169E-06
    61    90    8.0375192133E-07
    61    91    2.1465049968E-06
    61    92    8.0938819177E-07
    61    93    2.0546759158E-06
    61    94    8.3746909495E-07
    61    95    1.9563595037E-06
    61    96    8.7289361459E-07
    61    97    1.8184546641E-06
    61    98    2.7946546539E-09
    61    99    5.7655258453E-09
    62    88    4.6715448587E-08
    62    89    4.8421280171E-07
    62    90    1.5282289158E-07
    62    91    4.6372154805E-07
    62    92    1.5928948763E-07
    62    93    4.4784774093E-07
    62    94    1.6371326914E-07
    62    95    4.3601190413E-07
    62    96    1.7269748761E-07
    62    97    4.1369937049E-07
    62    98    1.4928775173E-10
    62    99    3.6990941118E-10
    62   100    1.6008430979E-10
    62   101    3.6026095672E-10
    63    90    2.1299694180E-07
    63    91    2.1344209618E-06
    63    92    7.2578217363E-07
    63    93    2.0486124869E-06
    63    94    7.4882329679E-07
    63    95    1.9676858072E-06
    63    96    7.6236507518E-07
    63    97    1.8728829668E-06
    63    98    2.5824566662E-10
    63    99    6.9032022527E-10
    63   100    2.8138151948E-10
    63   101    6.6481479988E-10
    64    95    2.6097650923E-13
    64    96    9.5379647377E-12
    64    97    3.1800207487E-11
    64    98    1.0414347715E-11
    64    99    3.2506819814E-11
    64   100    1.1628537122E-11
    64   101    3.2761274813E-11
    64   102    5.4874607536E-12
    65    97    4.8007382574E-13
    65    98    1.6190619768E-11
    65    99    5.2407017785E-11
    65   100    1.7517061450E-11
    65   101    5.3105616896E-11
    65   102    1.9334231278E-11
    65   103    5.2250273368E-11
