     0     1    5.2208125287E+00
    38    55    4.5325117264E-07
    38    56    2.3845190510E-05
    38    57    7.8386163275E-05
    38    58    1.1005695663E-05
    39    55    6.7272893613E-07
    39    56    3.7859562866E-05
    39    57    1.3320455422E-04
    39    58    4.2663651503E-05
    39    59    1.2928421860E-04
    39    60    2.1139288294E-05
    40    55    1.2833339540E-08
    40    56    8.3949110835E-07
    40    57    5.9029190088E-06
    40    58    7.8233477901E-05
    40    59    6.8355750215E-06
    40    60    8.2249876211E-05
    40    61    3.7718634449E-06
    40    62    1.3481271184E-06
    40    63    3.6250829839E-06
    41    56    4.3090018151E-07
    41    57    4.8695128093E-06
    41    58    1.2059471695E-06
    41    59    9.1653916710E-06
    41    60    2.4253039138E-04
    41    61    7.9903536164E-04
    41    62    1.5694605432E-04
    41    63    4.7407946511E-06
    41    64    1.7368282258E-06
    41    65    4.4338543547E-06
    42    57    1.8605678959E-10
    42    58    1.3960636570E-08
    42    59    2.1772482348E-07
    42    60    8.6114933904E-06
    42    61    3.4716107572E-05
    42    62    1.0010891892E-05
    42    63    3.5305283461E-05
    42    64    4.5476685733E-04
    42    65    8.2181252581E-03
    42    66    5.6359034287E-04
    42    67    7.9441353115E-03
    42    68    3.7288633291E-04
    43    58    5.5118282864E-09
    43    59    6.9103864673E-08
    43    60    1.4751311638E-08
    43    61    3.0992618668E-07
    43    62    3.2847347846E-05
    43    63    8.6061084659E-02
    43    64    8.3521782454E-03
    43    65    8.2183827393E-02
    43    66    8.3089260773E-03
    43    67    7.8029964928E-02
    43    68    8.3038365640E-03
    43    69    7.3692211056E-02
    43    70    8.5528835866E-03
    43    71    6.8824029716E-02
    44    59    9.8140380947E-13
    44    60    8.3681385985E-11
    44    61    4.4141426474E-09
    44    62    2.3919840727E-07
    44    63    1.1613495715E-06
    44    64    3.7739099915E-04
    44    65    8.0471940820E-03
    44    66    4.2093823719E-04
    44    67    7.8418127936E-03
    44    68    4.8995561359E-04
    44    69    7.5569652939E-03
    44    70    5.7034155956E-04
    44    71    7.2015810324E-03
    44    72    6.7815605219E-04
    44    73    6.7494548682E-03
    45    60    2.2385761471E-11
    45    61    3.4131836118E-10
    45    62    6.2028905507E-11
    45    63    1.8352814532E-08
    45    64    7.9849117930E-03
    45    65    7.7698033223E-02
    45    66    7.8545354449E-03
    45    67    7.3717449380E-02
    45    68    7.7065091385E-03
    45    69    6.9469330652E-02
    45    70    7.5842553736E-03
    45    71    6.4856412774E-02
    45    72    7.4741973000E-03
    45    73    5.9791587753E-02
    45    74    7.4403903109E-03
    45    75    5.4082133498E-02
    46    61    1.6283954301E-15
    46    62    1.6108354376E-13
    46    63    1.2650524922E-12
    46    64    4.4896351453E-06
    46    65    7.7246784629E-03
    46    66    3.8162823591E-04
    46    67    7.5371834423E-03
    46    68    4.0546763092E-04
    46    69    7.2829698440E-03
    46    70    4.4503401987E-04
    46    71    6.9413733022E-03
    46    72    4.9031831396E-04
    46    73    6.5105156013E-03
    46    74    5.7578956143E-04
    46    75    5.9356336228E-03
    46    76    6.5804080598E-04
    46    77    5.2304437061E-03
    47    63    8.4125448849E-16
    47    64    8.1638309394E-14
    47    65    6.7662601886E-09
    47    66    7.4519645631E-03
    47    67    6.8910893351E-02
    47    68    7.2453683683E-03
    47    69    6.4608324375E-02
    47    70    6.9816708371E-03
    47    71    5.9896582339E-02
    47    72    6.6858847693E-03
    47    73    5.4627356722E-02
    47    74    6.3407292640E-03
    47    75    4.8614351256E-02
    47    76    5.9639629269E-03
    47    77    4.1549692837E-02
    47    78    5.5361686495E-03
    47    79    3.2959214739E-02
    48    64    4.8050485032E-17
    48    65    2.3695671241E-09
    48    66    3.6361244211E-04
    48    67    7.1230778103E-03
    48    68    3.7787981618E-04
    48    69    6.8544116735E-03
    48    70    3.9310999406E-04
    48    71    6.4963029589E-03
    48    72    4.0773952751E-04
    48    73    6.0309064150E-03
    48    74    4.3516712300E-04
    48    75    5.4160052875E-03
    48    76    4.5964077860E-04
    48    77    4.6206148811E-03
    48    78    4.7718204770E-04
    48    79    3.5726711919E-03
    48    80    4.4996509514E-04
    48    81    2.1928308110E-03
    49    65    2.4563955470E-19
    49    66    2.8150292969E-17
    49    67    3.7811787798E-09
    49    68    6.7571827173E-03
    49    69    5.9243718404E-02
    49    70    6.4389757776E-03
    49    71    5.4216709668E-02
    49    72    6.0268350871E-03
    49    73    4.8465375668E-02
    49    74    5.5050715892E-03
    49    75    4.1712743640E-02
    49    76    4.8812328847E-03
    49    77    3.3471577067E-02
    49    78    4.0675233856E-03
    49    79    2.3181787462E-02
    49    80    2.8888999822E-03
    49    81    1.0522380967E-02
    49    82    6.8520495962E-04
    50    68    1.2102645075E-06
    50    69    6.3256694790E-03
    50    70    3.6384307605E-04
    50    71    5.9179148790E-03
    50    72    3.6334424412E-04
    50    73    5.3737512087E-03
    50    74    3.6087452463E-04
    50    75    4.6432359368E-03
    50    76    3.4855444585E-04
    50    77    3.6586509220E-03
    50    78    3.2491057290E-04
    50    79    2.3061045619E-03
    50    80    2.0833779836E-04
    50    81    6.4162723331E-04
    50    82    4.1007431308E-05
    50    83    5.9655123698E-05
    50    84    1.0545996637E-05
    51    68    8.4703294725E-22
    51    69    2.6466591995E-09
    51    70    5.8255988418E-03
    51    71    4.7840019724E-02
    51    72    5.3155891376E-03
    51    73    4.1299776298E-02
    51    74    4.6333365382E-03
    51    75    3.3324192484E-02
    51    76    3.7322251899E-03
    51    77    2.3295602553E-02
    51    78    2.5122598687E-03
    51    79    1.0824527304E-02
    51    80    7.3945265013E-04
    51    81    4.6531656812E-04
    51    82    2.1448104587E-04
    51    83    4.1941187213E-04
    51    84    2.5526818957E-03
    51    85    8.3840405342E-03
    52    70    6.7209058295E-07
    52    71    5.2207114982E-03
    52    72    3.2575510122E-04
    52    73    4.5496732398E-03
    52    74    3.0322258179E-04
    52    75    3.6221812622E-03
    52    76    2.6314005284E-04
    52    77    2.3291736692E-03
    52    78    1.7255500324E-04
    52    79    6.7150506382E-04
    52    80    1.9356616087E-05
    52    81    7.9874828191E-05
    52    82    1.4395474720E-04
    52    83    5.7080370896E-04
    52    84    5.5540335673E-04
    52    85    1.9437688873E-03
    52    86    9.5625113773E-04
    52    87    2.9023430687E-03
    53    71    4.4352046456E-08
    53    72    3.9491242311E-06
    53    73    1.8314737667E-05
    53    74    4.9637381033E-06
    53    75    2.3184898248E-05
    53    76    8.5543517214E-06
    53    77    4.9411905244E-05
    53    78    5.9887890329E-05
    53    79    7.7373501199E-04
    53    80    2.0661177680E-04
    53    81    7.5131880620E-04
    53    82    2.9434590462E-05
    53    83    4.1131477601E-05
    53    84    1.0715215278E-05
    53    85    1.7204105528E-05
    53    86    8.3959473666E-06
    53    87    1.2506395655E-05
    53    88    2.7224903604E-06
    54    72    9.4389926258E-08
    54    73    2.5550008329E-06
    54    74    8.3927057231E-07
    54    75    4.7550252825E-06
    54    76    1.8876231095E-06
    54    77    1.4550753305E-05
    54    78    2.4366676586E-05
    54    79    1.3107584684E-04
    54    80    1.9142394438E-05
    54    81    1.5722150319E-05
    54    82    2.8626070869E-06
    54    83    5.8056378656E-06
    54    84    2.3317084715E-06
    54    85    4.6893251710E-06
    54    86    1.2090082921E-06
    54    87    2.1451282286E-06
    54    88    1.1616417925E-06
    54    89    1.7643213351E-06
    55    74    1.1356670412E-06
    55    75    3.4835567497E-05
    55    76    2.8149169471E-05
    55    77    6.3435440230E-04
    55    78    1.3864344057E-04
    55    79    6.1973818501E-04
    55    80    1.5471179971E-05
    55    81    3.2362951297E-05
    55    82    1.1481364144E-05
    55    83    2.5691715834E-05
    55    84    1.0784787262E-05
    55    85    2.3778581340E-05
    55    86    8.2216748888E-06
    55    87    9.5442698984E-06
    55    88    4.8111345595E-06
    55    89    8.2330254321E-06
    55    90    2.3718087105E-06
    55    91    1.2768744029E-06
    56    75    6.4878082256E-08
    56    76    1.3762604271E-05
    56    77    8.3985653379E-05
    56    78    1.2561935122E-05
    56    79    1.2158062006E-05
    56    80    1.2051152692E-06
    56    81    3.9376106101E-06
    56    82    9.5175046765E-07
    56    83    2.5241815050E-06
    56    84    1.8862679232E-06
    56    85    4.9643813383E-06
    56    86    1.5202886144E-06
    56    87    1.7324272006E-06
    56    88    7.7289192402E-07
    56    89    1.5482342834E-06
    56    90    7.6672025237E-07
    56    91    1.3891793931E-06
    56    92    3.0492625568E-08
    57    77    1.0391195932E-07
    57    78    1.2106358494E-05
    57    79    2.7292125276E-05
    57    80    4.3805322899E-06
    57    81    1.5526008756E-05
    57    82    4.1074187907E-06
    57    83    1.0994684451E-05
    57    84    3.6385305424E-06
    57    85    9.1185934240E-06
    57    86    3.4529673348E-06
    57    87    7.9981803647E-06
    57    88    3.3923238291E-06
    57    89    7.1777906077E-06
    57    90    3.3298422429E-06
    57    91    6.5939068679E-06
    57    92    1.6306690978E-06
    57    93    4.0183591237E-07
    57    94    8.7312258765E-08
    58    78    1.1612026246E-07
    58    79    3.5928548885E-06
    58    80    6.0059211442E-07
    58    81    2.4607040607E-06
    58    82    6.3115521922E-07
    58    83    1.9660543096E-06
    58    84    5.8003021766E-07
    58    85    1.7223143321E-06
    58    86    5.8041559096E-07
    58    87    1.5488943505E-06
    58    88    5.8408770730E-07
    58    89    1.4258489240E-06
    58    90    5.8459401259E-07
    58    91    1.3385167123E-06
    58    92    6.0640146063E-07
    58    93    1.2479866730E-06
    58    94    2.7637278298E-07
    58    95    3.5314683777E-08
    59    80    3.5033190190E-07
    59    81    1.1171259107E-05
    59    82    2.9256291470E-06
    59    83    9.0212579522E-06
    59    84    2.7308381833E-06
    59    85    8.1010180037E-06
    59    86    2.6488436939E-06
    59    87    7.3570779735E-06
    59    88    2.6785980360E-06
    59    89    6.7173112249E-06
    59    90    2.7047572297E-06
    59    91    6.2200458522E-06
    59    92    2.6990868288E-06
    59    93    5.8418912250E-06
    59    94    1.3679114912E-06
    59    95    8.9383927049E-08
    59    96    1.8498669164E-08
    60    82    1.4235440255E-07
    60    83    1.7398210452E-06
    60    84    4.6947891263E-07
    60    85    1.5874011093E-06
    60    86    4.6868930099E-07
    60    87    1.4839724709E-06
    60    88    4.7357659086E-07
    60    89    1.3939614523E-06
    60    90    4.9590148697E-07
    60    91    1.3062680655E-06
    60    92    5.0241361158E-07
    60    93    1.2469695510E-06
    60    94    5.2410111797E-07
    60    95    1.1562641615E-06
    60    96    3.0379500403E-09
    60    97    6.5990915398E-09
    60    98    1.2454764227E-09
    61    84    6.0148936490E-07
    61    85    7.5296699171E-06
    61    86    2.2348804415E-06
    61    87    6.9961568767E-06
    61    88    2.2292624948E-06
    61    89    6.5453427929E-06
    61    90    2.2849307794E-06
    61    91    6.1090861298E-06
    61    92    2.2813001412E-06
    61    93    5.7943362331E-06
    61    94    2.3380076296E-06
    61    95    5.4618635138E-06
    61    96    1.2763797479E-06
    61    97    1.4139128182E-08
    61    98    6.3912422990E-09
    61    99    1.3172938350E-08
    62    86    1.1841487054E-07
    62    87    1.4409845880E-06
    62    88    4.1255656622E-07
    62    89    1.3726809253E-06
    62    90    4.2922625861E-07
    62    91    1.3036372214E-06
    62    92    4.4314839124E-07
    62    93    1.2462379488E-06
    62    94    4.5105229984E-07
    62    95    1.2010280831E-06
    62    96    2.5424689988E-07
    62    97    8.5474902725E-10
    62    98    3.3789280767E-10
    62    99    8.3540520251E-10
    62   100    1.4797749372E-10
    63    88    5.1212690236E-07
    63    89    6.3786851116E-06
    63    90    1.9980032756E-06
    63    91    6.0245901763E-06
    63    92    2.0270717473E-06
    63    93    5.7228206922E-06
    63    94    2.0698061837E-06
    63    95    5.4382578195E-06
    63    96    2.0845348882E-06
    63    97    5.1191126049E-06
    63    98    5.8201418470E-10
    63    99    1.5526257598E-09
    63   100    6.2572467205E-10
    63   101    1.4756658216E-09
    64    91    9.8524401656E-09
    64    92    3.9218250096E-07
    64    93    1.2508342578E-06
    64    94    4.0527543929E-07
    64    95    1.2055183199E-06
    64    96    2.5521289428E-07
    64    97    7.1881264355E-11
    64    98    2.3302991169E-11
    64    99    7.2494613272E-11
    64   100    2.5661763499E-11
    64   101    7.2065560577E-11
    64   102    1.1986640823E-11
    65    94    1.2274215546E-11
    65    95    1.1610006857E-10
    65    96    3.3065921712E-11
    65    97    1.1675143537E-10
    65    98    3.6119629287E-11
    65    99    1.1652987261E-10
    65   100    3.8525503927E-11
    65   101    1.1641684586E-10
    65   102    4.1908832754E-11
    65   103    1.1291918055E-10
    66    96    4.1400267410E-13
    66    97    3.9107214442E-12
    66    98    1.0713814411E-12
    66    99    4.0275199083E-12
    66   100    1.1744029279E-12
    66   101    4.1386007848E-12
    66   102    1.3142451808E-12
    66   103    4.1909944346E-12
    66   104    6.5231741230E-13
    67    99    4.1619919317E-14
    67   100    1.5838375262E-12
    67   101    5.7865415611E-12
    67   102    1.7163744520E-12
    67   103    5.8896658031E-12
    67   104    9.3007437210E-13
    68   101    1.0071153980E-15
    68   102    4.0408208192E-14
    68   103    1.5667503373E-13
    68   104    2.2317263102E-14
