     0     1    1.3700688489E+00
    43    65    9.7690771589E-05
    43    66    4.4218464705E-03
    43    67    1.3702456978E-02
    43    68    4.3337815526E-03
    43    69    1.1728691978E-02
    44    64    2.2407027585E-04
    44    65    2.1106756957E-03
    44    66    4.9789627181E-04
    44    67    1.8772505191E-03
    44    68    5.1579872758E-04
    44    69    1.6581287607E-03
    44    70    5.1929322963E-04
    44    71    1.4677397672E-03
    44    72    1.9291242789E-04
    45    65    5.3790277591E-05
    45    66    3.3071943787E-03
    45    67    1.2858028718E-02
    45    68    3.2844739443E-03
    45    69    1.1170004691E-02
    45    70    3.2786873543E-03
    45    71    9.6448516337E-03
    45    72    3.1965041153E-03
    45    73    8.3509204086E-03
    45    74    1.3618497447E-03
    46    65    5.8490859177E-06
    46    66    3.8914598571E-04
    46    67    1.7777957810E-03
    46    68    3.8768461868E-04
    46    69    1.5954631513E-03
    46    70    3.9656709725E-04
    46    71    1.4161654783E-03
    46    72    3.9634327009E-04
    46    73    1.2601293585E-03
    46    74    4.0738178059E-04
    46    75    1.1039719111E-03
    46    76    4.0796488593E-04
    46    77    9.5688379174E-04
    47    66    7.2964962661E-04
    47    67    1.1780770819E-02
    47    68    2.5656556680E-03
    47    69    1.0322786498E-02
    47    70    2.4687327552E-03
    47    71    9.0603011252E-03
    47    72    2.4362487140E-03
    47    73    7.8718776398E-03
    47    74    2.3604920835E-03
    47    75    6.8609939392E-03
    47    76    2.2879392530E-03
    47    77    5.9540883313E-03
    47    78    1.0206277492E-03
    48    66    9.2313718150E-05
    48    67    1.6645815597E-03
    48    68    3.0985838377E-04
    48    69    1.4959849896E-03
    48    70    3.1227638777E-04
    48    71    1.3387801311E-03
    48    72    3.0865863284E-04
    48    73    1.1995657324E-03
    48    74    3.1300560166E-04
    48    75    1.0632062984E-03
    48    76    3.1072913605E-04
    48    77    9.4486918571E-04
    48    78    3.0831464457E-04
    48    79    8.3559708092E-04
    48    80    1.2659050577E-04
    49    67    2.1757570804E-05
    49    68    2.0383500011E-03
    49    69    9.4444022275E-03
    49    70    1.9693195924E-03
    49    71    8.3075837811E-03
    49    72    1.9141138994E-03
    49    73    7.6205610210E-03
    49    74    5.2582650811E-02
    49    75    2.6995440270E-01
    49    76    1.8017007012E-03
    49    77    5.5564036297E-03
    49    78    1.7385385159E-03
    49    79    4.8458757479E-03
    49    80    1.6785131715E-03
    49    81    4.2077866577E-03
    49    82    7.6196372752E-04
    50    68    6.5400467118E-05
    50    69    1.3865796039E-03
    50    70    2.5333661901E-04
    50    71    1.2477061161E-03
    50    72    2.4776660504E-04
    50    73    1.1739187155E-03
    50    74    6.8242309492E-03
    50    75    4.0043363479E-02
    50    76    7.0291144919E-03
    50    77    3.6474931790E-02
    50    78    2.4491121139E-04
    50    79    7.9532713345E-04
    50    80    2.4134167055E-04
    50    81    7.0574119649E-04
    50    82    3.7224375339E-04
    50    83    4.9904311954E-04
    50    84    9.1609391852E-05
    51    69    1.5325384951E-05
    51    70    1.6179883872E-03
    51    71    7.5365461449E-03
    51    72    1.5498768860E-03
    51    73    6.6460237680E-03
    51    74    7.1205372993E-03
    51    75    2.4507311737E-01
    51    76    4.6425464301E-02
    51    77    2.1837849089E-01
    51    78    4.4591812893E-02
    51    79    1.8988309960E-01
    51    80    1.2995782930E-03
    51    81    3.9579704545E-03
    51    82    1.8479867165E-03
    51    83    2.9035956409E-03
    51    84    1.7597671443E-03
    51    85    2.3527069619E-03
    52    70    4.3499812794E-05
    52    71    1.1538207732E-03
    52    72    2.0487677362E-04
    52    73    1.0399019762E-03
    52    74    2.0175966566E-04
    52    75    9.3433472067E-04
    52    76    1.5519349425E-03
    52    77    3.0294722264E-02
    52    78    5.5008250021E-03
    52    79    2.6405764719E-02
    52    80    5.1479117162E-03
    52    81    2.1449329241E-02
    52    82    2.7562968960E-04
    52    83    5.1370825569E-04
    52    84    2.6822068248E-04
    52    85    4.4411431488E-04
    52    86    2.6726339714E-04
    52    87    3.6665301565E-04
    53    72    2.1573685558E-04
    53    73    6.0101682053E-03
    53    74    1.2106381224E-03
    53    75    5.3263296243E-03
    53    76    1.1549237421E-03
    53    77    4.8792978612E-03
    53    78    2.7802498034E-02
    53    79    1.1904064963E-01
    53    80    2.4001449085E-02
    53    81    8.9735057104E-02
    53    82    1.3731084023E-02
    53    83    2.8167006447E-03
    53    84    1.3430642565E-03
    53    85    2.4175002444E-03
    53    86    1.3045231436E-03
    53    87    2.0546709318E-03
    53    88    4.3644912154E-04
    54    73    1.6595257737E-06
    54    74    1.6903589212E-04
    54    75    8.6103322962E-04
    54    76    1.6492379681E-04
    54    77    7.7452350071E-04
    54    78    7.3385052858E-04
    54    79    1.4130460553E-02
    54    80    2.3824808639E-03
    54    81    9.5141471661E-03
    54    82    1.3878739561E-03
    54    83    1.9054497383E-03
    54    84    3.3557285262E-04
    54    85    4.3869546080E-04
    54    86    2.0522836613E-04
    54    87    3.8196774353E-04
    54    88    2.0358688791E-04
    54    89    3.2956436366E-04
    54    90    6.3549339846E-05
    55    74    1.3758582612E-04
    55    75    4.7999858935E-03
    55    76    9.6315919907E-04
    55    77    4.2515695495E-03
    55    78    9.1233767238E-04
    55    79    3.7572516142E-03
    55    80    8.9517985562E-04
    55    81    3.8874489729E-03
    55    82    1.9426677499E-03
    55    83    5.4796028739E-03
    55    84    1.4318545250E-03
    55    85    2.7443696636E-03
    55    86    1.0053396765E-03
    55    87    1.9983111467E-03
    55    88    9.7232858831E-04
    55    89    1.7119453465E-03
    55    90    9.2002938265E-04
    55    91    1.4362071067E-03
    56    75    1.2134450867E-06
    56    76    1.3979484424E-04
    56    77    7.1105861258E-04
    56    78    1.3362635307E-04
    56    79    6.4180110483E-04
    56    80    1.2960577711E-04
    56    81    5.7784704500E-04
    56    82    2.4085997108E-04
    56    83    6.3903935487E-04
    56    84    1.7771926273E-04
    56    85    4.5367649107E-04
    56    86    1.7029026522E-04
    56    87    3.9347336727E-04
    56    88    1.5773684790E-04
    56    89    3.2555325368E-04
    56    90    1.5132291228E-04
    56    91    2.8733055701E-04
    56    92    5.4953345735E-05
    57    77    6.5352630399E-06
    57    78    7.6881415784E-04
    57    79    3.3919993088E-03
    57    80    7.2366881045E-04
    57    81    3.0030637943E-03
    57    82    8.5379602407E-04
    57    83    2.5002504031E-03
    57    84    8.5205713755E-04
    57    85    2.2495565225E-03
    57    86    8.1237182446E-04
    57    87    1.9532873519E-03
    57    88    7.6674159248E-04
    57    89    1.6419936411E-03
    57    90    7.1048604584E-04
    57    91    1.4346103386E-03
    57    92    6.8787538915E-04
    57    93    1.1998387322E-03
    58    78    1.7718407171E-05
    58    79    5.8587865539E-04
    58    80    1.1000289106E-04
    58    81    5.2895064121E-04
    58    82    1.3339277995E-04
    58    83    4.5024592635E-04
    58    84    1.2863960263E-04
    58    85    4.0735819247E-04
    58    86    1.2914833317E-04
    58    87    3.5896525433E-04
    58    88    1.2603952137E-04
    58    89    3.1725111807E-04
    58    90    1.1877768475E-04
    58    91    2.7843642452E-04
    58    92    1.1647141921E-04
    58    93    2.4391856197E-04
    58    94    1.1470315146E-04
    58    95    2.0709534596E-04
    59    80    7.4825488549E-05
    59    81    2.7049380168E-03
    59    82    6.9318062982E-04
    59    83    2.2915004133E-03
    59    84    6.4810970736E-04
    59    85    2.0174925814E-03
    59    86    6.1764509529E-04
    59    87    1.7851576914E-03
    59    88    6.0239190581E-04
    59    89    1.5511995195E-03
    59    90    5.7668306693E-04
    59    91    1.3523246057E-03
    59    92    5.3689718631E-04
    59    93    1.1785495403E-03
    59    94    5.1605850782E-04
    59    95    1.0187917039E-03
    59    96    2.2398515773E-04
    60    81    8.2745840509E-07
    60    82    1.1008564190E-04
    60    83    4.1710272633E-04
    60    84    1.0485744219E-04
    60    85    3.7355333030E-04
    60    86    1.0128362225E-04
    60    87    3.3386304358E-04
    60    88    9.8009231699E-05
    60    89    2.9814165838E-04
    60    90    9.7342627902E-05
    60    91    2.6265145622E-04
    60    92    9.2517889071E-05
    60    93    2.3363553701E-04
    60    94    9.0097011656E-05
    60    95    2.0581522773E-04
    60    96    8.8054183615E-05
    60    97    1.7620156979E-04
    61    83    9.8230142938E-06
    61    84    5.3438510517E-04
    61    85    1.8415714269E-03
    61    86    5.0320601907E-04
    61    87    1.6253090651E-03
    61    88    4.7569669444E-04
    61    89    1.4321024670E-03
    61    90    4.5901596264E-04
    61    91    1.2511301560E-03
    61    92    4.2832237466E-04
    61    93    1.1023476501E-03
    61    94    4.0820996341E-04
    61    95    9.6265288015E-04
    61    96    3.9043440409E-04
    61    97    8.3741838374E-04
    61    98    1.8451192035E-04
    62    85    1.6945401094E-06
    62    86    8.4026065697E-05
    62    87    3.0892873518E-04
    62    88    8.0660283998E-05
    62    89    2.7655010241E-04
    62    90    7.8946371466E-05
    62    91    2.4544827820E-04
    62    92    7.6245334294E-05
    62    93    2.1828884453E-04
    62    94    7.2272431727E-05
    62    95    1.9504498978E-04
    62    96    7.0062532992E-05
    62    97    1.7246971998E-04
    62    98    6.8093855798E-05
    62    99    1.4880475176E-04
    63    87    7.9359397394E-06
    63    88    3.9279244158E-04
    63    89    1.3075731462E-03
    63    90    3.7469472397E-04
    63    91    1.1486114088E-03
    63    92    3.5386281778E-04
    63    93    1.0110848461E-03
    63    94    3.3518931728E-04
    63    95    8.8775133505E-04
    63    96    3.1224634863E-04
    63    97    7.8336949047E-04
    63    98    2.9715789531E-04
    63    99    6.7181981537E-04
    64    88    1.7336080336E-05
    64    89    2.5484425004E-04
    64    90    6.4460878796E-05
    64    91    2.2838852723E-04
    64    92    6.2673908354E-05
    64    93    2.0322320902E-04
    64    94    6.0175501185E-05
    64    95    1.8115647758E-04
    64    96    5.7926851844E-05
    64    97    1.6101593645E-04
    64    98    5.4767515783E-05
    64    99    1.4379985285E-04
    64   100    2.8999379977E-05
    65    91    6.3529574979E-06
    65    92    2.9204259319E-04
    65    93    9.2495088186E-04
    65    94    2.7445489335E-04
    65    95    8.1660819324E-04
    65    96    2.5828072320E-04
    65    97    7.1909469208E-04
    65    98    2.4414068192E-04
    65    99    6.3119565535E-04
    65   100    1.4020890059E-04
    66    93    1.1667756000E-06
    66    94    4.9929630556E-05
    66    95    1.6781291937E-04
    66    96    4.7662955604E-05
    66    97    1.4989136830E-04
    66    98    4.5616005363E-05
    66    99    1.3354688288E-04
    66   100    4.2961415942E-05
    66   101    1.1790990227E-04
    67    96    5.5417052639E-05
    67    97    6.5792575082E-04
    67    98    2.0045407414E-04
    67    99    5.8076803063E-04
    67   100    1.2791202438E-04
