     0     1    2.5933932369E+00
    44    66    7.6688635988E-04
    44    67    5.3554601679E-03
    44    68    1.5075988373E-03
    44    69    4.6767891399E-03
    44    70    1.4945949124E-03
    44    71    4.0933292450E-03
    44    72    5.4959868199E-04
    45    66    3.8234073207E-03
    45    67    3.6152048751E-02
    45    68    9.5105816634E-03
    45    69    3.1047366192E-02
    45    70    9.3461371039E-03
    45    71    2.6505735938E-02
    45    72    8.9771075478E-03
    45    73    2.2695000046E-02
    45    74    8.6500945449E-03
    45    75    1.9033121070E-02
    46    66    4.7942871816E-04
    46    67    5.0173714967E-03
    46    68    1.1270849017E-03
    46    69    4.4513501033E-03
    46    70    1.1342376796E-03
    46    71    3.9060801143E-03
    46    72    1.1164904344E-03
    46    73    3.4364747873E-03
    46    74    1.1297185495E-03
    46    75    2.9767425002E-03
    46    76    1.1149929305E-03
    46    77    2.5495255605E-03
    47    67    1.2304076431E-04
    47    68    7.3606035857E-03
    47    69    2.8403656502E-02
    47    70    6.9817389313E-03
    47    71    2.4646958747E-02
    47    72    6.7874757505E-03
    47    73    2.1170783560E-02
    47    74    6.4819162928E-03
    47    75    1.8245998192E-02
    47    76    6.1930066430E-03
    47    77    1.5658049996E-02
    47    78    5.9384267606E-03
    47    79    1.3151867523E-02
    48    67    1.3033615166E-05
    48    68    8.9414783139E-04
    48    69    4.1292450722E-03
    48    70    8.8690890009E-04
    48    71    3.6527524422E-03
    48    72    8.6347492239E-04
    48    73    3.2355985783E-03
    48    74    8.6203458643E-04
    48    75    2.8351671122E-03
    48    76    8.4327713751E-04
    48    77    2.4911608664E-03
    48    78    8.2471132810E-04
    48    79    2.1782656167E-03
    48    80    8.0877888618E-04
    48    81    1.8653058822E-03
    49    69    8.5318352860E-05
    49    70    5.5124882598E-03
    49    71    2.2370445857E-02
    49    72    5.2832611270E-03
    49    73    1.9383543359E-02
    49    74    4.9894272364E-03
    49    75    1.6823326266E-02
    49    76    4.8332137682E-03
    49    77    1.4457267106E-02
    49    78    4.5986917526E-03
    49    79    1.2467696150E-02
    49    80    4.3784111010E-03
    49    81    1.0705479410E-02
    49    82    6.4677395442E-03
    49    83    6.7048474063E-03
    50    69    9.5034031735E-06
    50    70    7.1360803168E-04
    50    71    3.3680325262E-03
    50    72    6.8768597180E-04
    50    73    2.9974159329E-03
    50    74    6.7676879056E-04
    50    75    2.7846010139E-03
    50    76    8.3161115817E-03
    50    77    3.4201863948E-02
    50    78    6.4983273604E-04
    50    79    2.0503404983E-03
    50    80    6.3128069669E-04
    50    81    1.7988196063E-03
    50    82    9.5214045419E-04
    50    83    1.2580441955E-03
    50    84    8.8857049970E-04
    50    85    1.0312399855E-03
    51    70    9.5825463968E-04
    51    71    2.0089879757E-02
    51    72    4.2319391680E-03
    51    73    1.7510047857E-02
    51    74    3.9582512350E-03
    51    75    1.5277144864E-02
    51    76    1.6459327429E-02
    51    77    1.9197384271E-01
    51    78    4.6799819542E-02
    51    79    1.6972428139E-01
    51    80    3.3602503932E-03
    51    81    9.9624980929E-03
    51    82    4.6787114115E-03
    51    83    7.2248387169E-03
    51    84    4.3962553253E-03
    51    85    6.0256595088E-03
    51    86    1.2686822583E-03
    52    71    6.8874825864E-06
    52    72    5.6348231966E-04
    52    73    2.7452853380E-03
    52    74    5.4680042435E-04
    52    75    2.4380027170E-03
    52    76    5.3296448341E-04
    52    77    2.2451211151E-03
    52    78    5.6149808975E-03
    52    79    2.3443269529E-02
    52    80    5.5453896344E-03
    52    81    2.0882740075E-02
    52    82    6.9941913306E-04
    52    83    1.2803849800E-03
    52    84    6.7129648330E-04
    52    85    1.0944938562E-03
    52    86    6.6005270040E-04
    52    87    9.2543743972E-04
    52    88    1.8008692265E-04
    53    73    4.0719908744E-05
    53    74    3.2248285494E-03
    53    75    1.3730442257E-02
    53    76    3.0367303593E-03
    53    77    1.1968135700E-02
    53    78    9.1179129567E-03
    53    79    1.0729851692E-01
    53    80    2.5690130712E-02
    53    81    9.4219213913E-02
    53    82    3.4540685531E-02
    53    83    7.0270997211E-02
    53    84    3.3254586147E-03
    53    85    5.8838717514E-03
    53    86    3.1875016513E-03
    53    87    4.9451974399E-03
    53    88    3.0754628724E-03
    53    89    3.9602476311E-03
    54    74    9.9889869856E-05
    54    75    2.2228849107E-03
    54    76    4.3639938699E-04
    54    77    1.9763129970E-03
    54    78    4.1508848487E-04
    54    79    1.7582577922E-03
    54    80    1.1637479855E-03
    54    81    1.1506813237E-02
    54    82    3.7014570096E-03
    54    83    8.8838464766E-03
    54    84    3.2572971479E-03
    54    85    6.7341486380E-03
    54    86    5.0246995007E-04
    54    87    9.2029582323E-04
    54    88    4.9185656854E-04
    54    89    7.8508330753E-04
    54    90    4.6859367815E-04
    54    91    6.5416283090E-04
    55    75    2.8044195858E-05
    55    76    2.5031010640E-03
    55    77    1.0721518947E-02
    55    78    2.3411962510E-03
    55    79    9.3653224292E-03
    55    80    2.1731157823E-03
    55    81    8.3293640480E-03
    55    82    1.3688155413E-02
    55    83    3.3622400561E-02
    55    84    1.0701085124E-02
    55    85    2.1925426229E-02
    55    86    3.9996647527E-03
    55    87    4.7571071224E-03
    55    88    2.3234913950E-03
    55    89    4.0298728847E-03
    55    90    2.1709165102E-03
    55    91    3.4556996527E-03
    55    92    7.5233517840E-04
    56    76    6.8915286358E-05
    56    77    1.7951004626E-03
    56    78    3.4529284608E-04
    56    79    1.6014644554E-03
    56    80    3.3026084192E-04
    56    81    1.4222512603E-03
    56    82    4.7005349627E-04
    56    83    1.5381812806E-03
    56    84    6.4459449195E-04
    56    85    1.8624553166E-03
    56    86    6.2019227331E-04
    56    87    1.2718577937E-03
    56    88    4.2936777364E-04
    56    89    7.6685380321E-04
    56    90    3.5777420837E-04
    56    91    6.6914675602E-04
    56    92    3.4952481611E-04
    56    93    5.7285738087E-04
    56    94    1.1527201956E-04
    57    78    3.0367936029E-04
    57    79    8.3671941017E-03
    57    80    1.8125647436E-03
    57    81    7.3220194066E-03
    57    82    2.1047209574E-03
    57    83    6.0200668394E-03
    57    84    2.4287285129E-03
    57    85    7.7823290983E-03
    57    86    2.3039658055E-03
    57    87    5.3612497083E-03
    57    88    2.1018805264E-03
    57    89    4.4934501446E-03
    57    90    1.6608522206E-03
    57    91    3.3027839349E-03
    57    92    1.5872968022E-03
    57    93    2.8091308186E-03
    57    94    1.5172409684E-03
    57    95    2.2913113613E-03
    58    79    3.1581171535E-06
    58    80    2.7748479486E-04
    58    81    1.2906206958E-03
    58    82    3.3015055552E-04
    58    83    1.0856307623E-03
    58    84    3.1196519087E-04
    58    85    9.5743261386E-04
    58    86    3.3098964056E-04
    58    87    9.0166822999E-04
    58    88    3.1683299158E-04
    58    89    7.8495246408E-04
    58    90    2.8744417968E-04
    58    91    6.4122075332E-04
    58    92    2.6935147880E-04
    58    93    5.5534191965E-04
    58    94    2.6180214046E-04
    58    95    4.7857112911E-04
    58    96    9.6960171726E-05
    59    81    1.5395722648E-05
    59    82    1.6919690107E-03
    59    83    5.4611590220E-03
    59    84    1.5608374388E-03
    59    85    4.7535138553E-03
    59    86    1.4640297846E-03
    59    87    4.1314794821E-03
    59    88    1.4544719740E-03
    59    89    3.6872889052E-03
    59    90    1.3746441444E-03
    59    91    3.1793412202E-03
    59    92    1.2490521451E-03
    59    93    2.6535178998E-03
    59    94    1.1644485761E-03
    59    95    2.2680132447E-03
    59    96    1.1108297191E-03
    59    97    1.8732115857E-03
    60    82    8.1187525088E-05
    60    83    9.9485261999E-04
    60    84    2.5362948813E-04
    60    85    8.8071214387E-04
    60    86    2.4167622401E-04
    60    87    7.7809396856E-04
    60    88    2.3048345066E-04
    60    89    6.8528143038E-04
    60    90    2.2824557411E-04
    60    91    6.0479220959E-04
    60    92    2.1450061051E-04
    60    93    5.3333210419E-04
    60    94    2.0378617437E-04
    60    95    4.5811796279E-04
    60    96    1.9657217179E-04
    60    97    3.9655401365E-04
    60    98    1.8552790675E-04
    60    99    3.3710422736E-04
    61    84    3.4221952220E-04
    61    85    4.2927822804E-03
    61    86    1.1840878096E-03
    61    87    3.7455137502E-03
    61    88    1.1049454645E-03
    61    89    3.2627919774E-03
    61    90    1.0517122546E-03
    61    91    2.8150390299E-03
    61    92    9.7450434825E-04
    61    93    2.4709456267E-03
    61    94    9.1492764679E-04
    61    95    2.1196022234E-03
    61    96    8.6140900527E-04
    61    97    1.8230345047E-03
    61    98    8.1588469222E-04
    61    99    1.5588286182E-03
    61   100    3.5499463199E-04
    62    85    4.1856796060E-06
    62    86    1.9863534399E-04
    62    87    7.1216324397E-04
    62    88    1.8813778782E-04
    62    89    6.3018547493E-04
    62    90    1.8162681112E-04
    62    91    5.5288079190E-04
    62    92    1.7309638591E-04
    62    93    4.8607599952E-04
    62    94    1.6223294087E-04
    62    95    4.3010197699E-04
    62    96    1.5497997183E-04
    62    97    3.7530872506E-04
    62    98    1.4867311300E-04
    62    99    3.2668310258E-04
    62   100    1.3950986378E-04
    62   101    2.7943951566E-04
    63    87    1.9335626920E-05
    63    88    9.0305359618E-04
    63    89    2.9470890309E-03
    63    90    8.5031642282E-04
    63    91    2.5592644230E-03
    63    92    7.9282825638E-04
    63    93    2.2272335247E-03
    63    94    7.4145776345E-04
    63    95    1.9333659093E-03
    63    96    6.8214311758E-04
    63    97    1.6867285634E-03
    63    98    6.4100272219E-04
    63    99    1.4568425549E-03
    63   100    6.0424108042E-04
    63   101    1.2251490417E-03
    64    89    3.3426090374E-06
    64    90    1.4695529572E-04
    64    91    5.0884900671E-04
    64    92    1.4096090843E-04
    64    93    4.4756546494E-04
    64    94    1.3357100531E-04
    64    95    3.9438348618E-04
    64    96    1.2690525891E-04
    64    97    3.4651688671E-04
    64    98    1.1846892152E-04
    64    99    3.0592354198E-04
    64   100    1.1302339897E-04
    64   101    2.6728865538E-04
    64   102    1.0812699391E-04
    64   103    2.2759740818E-04
    65    91    1.4788909572E-05
    65    92    6.4764619062E-04
    65    93    2.0154688416E-03
    65    94    6.0098948519E-04
    65    95    1.7591258094E-03
    65    96    5.5846234229E-04
    65    97    1.5314441347E-03
    65    98    5.2126739938E-04
    65    99    1.3289715295E-03
    65   100    4.7977219181E-04
    65   101    1.1597974804E-03
    65   102    4.5009304518E-04
    65   103    9.8263169007E-04
    66    93    2.6472941737E-06
    66    94    1.0977089963E-04
    66    95    3.6133826011E-04
    66    96    1.0343012750E-04
    66    97    3.1903404683E-04
    66    98    9.7709850424E-05
    66    99    2.8098045261E-04
    66   100    9.0867463894E-05
    66   101    2.4832025764E-04
    66   102    8.6360753149E-05
    66   103    2.1762219748E-04
    66   104    4.5994102445E-05
    67    95    1.1245096740E-05
    67    96    4.5735897079E-04
    67    97    1.3859442705E-03
    67    98    4.2364240367E-04
    67    99    1.2094587591E-03
    67   100    3.9356806777E-04
    67   101    1.0532186840E-03
    67   102    3.6048327327E-04
    67   103    9.2115516751E-04
    67   104    2.0887292182E-04
    68    98    2.2695324657E-05
    68    99    2.5716799540E-04
    68   100    7.5713837889E-05
    68   101    2.2692618017E-04
    68   102    7.1340657827E-05
    68   103    1.9977496227E-04
    68   104    4.2099499489E-05
