     0     1    1.6185808392E+00
    43    65    2.4212839450E-04
    43    66    4.8838616186E-03
    44    64    5.2439412038E-04
    44    65    4.6192165727E-03
    44    66    1.1275559163E-03
    44    67    4.0516184048E-03
    44    68    1.1448119729E-03
    44    69    3.5296585489E-03
    44    70    1.1314072831E-03
    44    71    3.0482434027E-03
    45    64    2.6292748760E-03
    45    65    3.1679621985E-02
    45    66    7.3936028114E-03
    45    67    2.7273310760E-02
    45    68    7.2070787392E-03
    45    69    2.3365975902E-02
    45    70    7.0599554479E-03
    45    71    1.9900366970E-02
    45    72    6.7607047604E-03
    45    73    1.6781130653E-02
    46    64    3.2489420112E-04
    46    65    4.2840411142E-03
    46    66    8.7430720610E-04
    46    67    3.7870464267E-03
    46    68    8.5471055506E-04
    46    69    3.3516631933E-03
    46    70    8.5730953960E-04
    46    71    2.9339719593E-03
    46    72    8.4129708008E-04
    46    73    2.5750307218E-03
    46    74    8.4857656693E-04
    46    75    2.1986516961E-03
    47    65    8.0810561053E-05
    47    66    5.7945193044E-03
    47    67    2.4687096602E-02
    47    68    5.5668360743E-03
    47    69    2.1328981778E-02
    47    70    5.2646193437E-03
    47    71    1.8463584725E-02
    47    72    5.1024370408E-03
    47    73    1.5821424455E-02
    47    74    4.8583274459E-03
    47    75    1.3603234492E-02
    47    76    4.6282013855E-03
    47    77    1.1486685737E-02
    48    66    2.1342892447E-04
    48    67    3.5007335407E-03
    48    68    6.7692440748E-04
    48    69    3.1019467016E-03
    48    70    2.4430709527E-03
    48    71    2.4235861718E-02
    48    72    5.1473745697E-03
    48    73    2.1947438612E-02
    48    74    6.4645283265E-04
    48    75    2.1143287889E-03
    48    76    6.3049736218E-04
    48    77    1.8533190833E-03
    48    78    6.1479837660E-04
    48    79    1.5960082233E-03
    49    67    5.5837332989E-05
    49    68    4.3640485775E-03
    49    69    1.9279661620E-02
    49    70    4.1478560262E-03
    49    71    1.7162231594E-02
    49    72    3.6482512830E-02
    49    73    1.5161011735E-01
    49    74    3.5550520720E-02
    49    75    1.3405412795E-01
    49    76    3.6048130985E-03
    49    77    1.0728294159E-02
    49    78    3.4200299739E-03
    49    79    9.2298569515E-03
    49    80    3.2469231428E-03
    49    81    7.7905771487E-03
    50    68    1.4768005246E-04
    50    69    2.8383664792E-03
    50    70    5.3752366024E-04
    50    71    2.5181165142E-03
    50    72    1.8260562234E-03
    50    73    2.2092255412E-02
    50    74    4.5851069565E-03
    50    75    1.9972828669E-02
    50    76    4.5714684590E-03
    50    77    1.7947637852E-02
    50    78    4.8354124204E-04
    50    79    1.5180793302E-03
    50    80    4.6836663837E-04
    50    81    1.3286436425E-03
    50    82    7.0338251434E-04
    50    83    8.9372025468E-04
    51    69    3.8482992323E-05
    51    70    3.3597688522E-03
    51    71    1.4983110418E-02
    51    72    3.1678939127E-03
    51    73    1.3328995500E-02
    51    74    2.6271957792E-02
    51    75    1.1131539088E-01
    51    76    2.5748938966E-02
    51    77    9.8407455267E-02
    51    78    2.4779518872E-02
    51    79    8.6301254559E-02
    51    80    2.4870005490E-03
    51    81    7.3407201095E-03
    51    82    3.4488328341E-03
    51    83    5.3106526157E-03
    51    84    1.0678473098E-03
    52    70    9.6359027905E-05
    52    71    2.2990379474E-03
    52    72    4.2232704429E-04
    52    73    2.0427908115E-03
    52    74    1.1582185693E-03
    52    75    1.4765849591E-02
    52    76    3.0272485147E-03
    52    77    1.3311360584E-02
    52    78    2.9694975354E-03
    52    79    1.1948644318E-02
    52    80    1.8710042364E-03
    52    81    1.2442649626E-03
    52    82    5.1574507854E-04
    52    83    9.4122085676E-04
    52    84    4.9360321165E-04
    52    85    8.0263809958E-04
    52    86    1.4742803191E-04
    53    71    2.6461113981E-05
    53    72    2.5974955368E-03
    53    73    1.1635211322E-02
    53    74    2.4016367455E-03
    53    75    1.0320533993E-02
    53    76    1.4576377027E-02
    53    77    6.1657560388E-02
    53    78    1.4050537286E-02
    53    79    5.4159669809E-02
    53    80    1.3237540342E-02
    53    81    4.7025491581E-02
    53    82    9.4263558940E-03
    53    83    5.0839302936E-03
    53    84    2.4396888198E-03
    53    85    4.3045851522E-03
    53    86    2.3321157176E-03
    53    87    3.4925110128E-03
    54    72    6.6318919428E-05
    54    73    1.8514108726E-03
    54    74    3.3831975541E-04
    54    75    1.6462090299E-03
    54    76    3.2445485171E-04
    54    77    1.4767000231E-03
    54    78    1.4650193779E-03
    54    79    6.6183257591E-03
    54    80    1.4215426314E-03
    54    81    5.7799391572E-03
    54    82    1.8380218801E-03
    54    83    4.2663956680E-03
    54    84    8.4028331889E-04
    54    85    7.8209656243E-04
    54    86    3.6773439108E-04
    54    87    6.7164980868E-04
    54    88    3.5897643553E-04
    54    89    5.5436309681E-04
    55    73    1.8158077121E-05
    55    74    1.9971481483E-03
    55    75    9.0487993493E-03
    55    76    1.8545823794E-03
    55    77    7.9022036589E-03
    55    78    2.6978911092E-03
    55    79    2.6530432371E-02
    55    80    5.7687848874E-03
    55    81    2.2556506038E-02
    55    82    6.5955120026E-03
    55    83    1.5169534695E-02
    55    84    4.3544823221E-03
    55    85    9.6232640727E-03
    55    86    1.7773637547E-03
    55    87    3.4638264399E-03
    55    88    1.6919189662E-03
    55    89    2.9272815091E-03
    55    90    6.2333843768E-04
    56    75    2.6906012114E-06
    56    76    2.7166898154E-04
    56    77    1.3230807614E-03
    56    78    2.5544539546E-04
    56    79    1.1786182388E-03
    56    80    3.2389057157E-04
    56    81    1.4326779115E-03
    56    82    4.7387871904E-04
    56    83    1.5025016929E-03
    56    84    4.6662607171E-04
    56    85    1.0971456829E-03
    56    86    3.9377991888E-04
    56    87    8.9081376297E-04
    56    88    2.7517390765E-04
    56    89    5.5697792101E-04
    56    90    2.5991206009E-04
    56    91    4.7256671243E-04
    57    76    2.0176215195E-04
    57    77    7.0176727921E-03
    57    78    1.4371813576E-03
    57    79    6.1379780493E-03
    57    80    1.3325620087E-03
    57    81    5.3654909517E-03
    57    82    2.1947421557E-03
    57    83    6.3992363467E-03
    57    84    1.8216281146E-03
    57    85    4.6746258589E-03
    57    86    1.6720418234E-03
    57    87    3.9603139551E-03
    57    88    1.4297562073E-03
    57    89    2.7705833376E-03
    57    90    1.2037301720E-03
    57    91    2.3877629587E-03
    57    92    1.1473394677E-03
    57    93    1.9686397955E-03
    58    77    2.0295490736E-06
    58    78    2.1845378971E-04
    58    79    1.0609465185E-03
    58    80    2.0424866269E-04
    58    81    9.4438886000E-04
    58    82    2.5329010924E-04
    58    83    8.8908106796E-04
    58    84    2.4979863249E-04
    58    85    7.6566258148E-04
    58    86    2.4381958273E-04
    58    87    6.6443140820E-04
    58    88    2.3429104047E-04
    58    89    5.7896543189E-04
    58    90    2.0182143838E-04
    58    91    4.6349431490E-04
    58    92    1.9475485206E-04
    58    93    4.0044358525E-04
    58    94    7.8468416244E-05
    59    79    9.9485287666E-06
    59    80    1.1171700603E-03
    59    81    4.7650347287E-03
    59    82    1.2371300034E-03
    59    83    3.9772034378E-03
    59    84    1.1581492235E-03
    59    85    3.6268025079E-03
    59    86    1.1132901799E-03
    59    87    3.1432767398E-03
    59    88    1.0652835984E-03
    59    89    2.6960018239E-03
    59    90    1.0050501156E-03
    59    91    2.3190446307E-03
    59    92    8.8516555380E-04
    59    93    1.9092688808E-03
    59    94    8.3769258336E-04
    59    95    1.5885868233E-03
    60    80    2.4120864544E-05
    60    81    8.4882301073E-04
    60    82    1.9757457207E-04
    60    83    7.2446997442E-04
    60    84    1.8507326664E-04
    60    85    6.3977792238E-04
    60    86    1.7697211493E-04
    60    87    5.7338188120E-04
    60    88    1.6984739893E-04
    60    89    5.0396740479E-04
    60    90    1.6579289531E-04
    60    91    4.3804331475E-04
    60    92    1.5406244758E-04
    60    93    3.7841113061E-04
    60    94    1.4665298889E-04
    60    95    3.2875137443E-04
    60    96    6.4895353600E-05
    61    82    2.2880844799E-04
    61    83    3.5799904918E-03
    61    84    9.2680700788E-04
    61    85    3.1115552659E-03
    61    86    8.5917678125E-04
    61    87    2.7084265914E-03
    61    88    8.0515327953E-04
    61    89    2.3726139265E-03
    61    90    7.6455736795E-04
    61    91    2.0425992685E-03
    61    92    7.0279043057E-04
    61    93    1.7775074535E-03
    61    94    6.5484118045E-04
    61    95    1.5178578982E-03
    61    96    6.1673720686E-04
    61    97    1.2739744826E-03
    62    83    2.7073903813E-06
    62    84    1.5320280887E-04
    62    85    5.8225187980E-04
    62    86    1.4424316045E-04
    62    87    5.1486755711E-04
    62    88    1.3624078762E-04
    62    89    4.5448903187E-04
    62    90    1.3139709112E-04
    62    91    3.9863030896E-04
    62    92    1.2489617123E-04
    62    93    3.4964050661E-04
    62    94    1.1645642592E-04
    62    95    3.0737131216E-04
    62    96    1.1100291433E-04
    62    97    2.6803322605E-04
    62    98    5.3713863072E-05
    63    85    1.3311304545E-05
    63    86    7.0597999842E-04
    63    87    2.4308545409E-03
    63    88    6.5205804457E-04
    63    89    2.1208718580E-03
    63    90    6.1231969666E-04
    63    91    1.8373111518E-03
    63    92    5.6984720976E-04
    63    93    1.5965864690E-03
    63    94    5.3153964748E-04
    63    95    1.3826255599E-03
    63    96    4.8734121765E-04
    63    97    1.2021277229E-03
    63    98    4.5674270038E-04
    63    99    1.0163721618E-03
    64    87    2.1554221349E-06
    64    88    1.1289195778E-04
    64    89    4.1329716936E-04
    64    90    1.0590486724E-04
    64    91    3.6522024647E-04
    64    92    1.0130087351E-04
    64    93    3.2044630434E-04
    64    94    9.5743632109E-05
    64    95    2.8173376650E-04
    64    96    9.0711764738E-05
    64    97    2.4688545870E-04
    64    98    8.4449680899E-05
    64    99    2.1743070985E-04
    64   100    4.4271054494E-05
    65    89    1.0135653322E-05
    65    90    4.9677225522E-04
    65    91    1.6577804591E-03
    65    92    4.6411153541E-04
    65    93    1.4400381091E-03
    65    94    4.2954042985E-04
    65    95    1.2538262273E-03
    65    96    3.9809524541E-04
    65    97    1.0888967146E-03
    65    98    3.7060450333E-04
    65    99    9.4264055908E-04
    65   100    3.4022269221E-04
    65   101    8.0739731693E-04
    66    91    1.7005807422E-06
    66    92    8.3848528146E-05
    66    93    2.9171888778E-04
    66    94    7.8507265866E-05
    66    95    2.5746999562E-04
    66    96    7.3771905099E-05
    66    97    2.2676815293E-04
    66    98    6.9503489778E-05
    66    99    1.9923095761E-04
    66   100    6.4465943072E-05
    66   101    1.7564216098E-04
    66   102    3.6351781319E-05
    67    93    7.6683330116E-06
    67    94    3.5309572665E-04
    67    95    1.1273147178E-03
    67    96    3.2530249020E-04
    67    97    9.8313640114E-04
    67    98    3.0053416638E-04
    67    99    8.5585860684E-04
    67   100    2.7847025113E-04
    67   101    7.4348446977E-04
    67   102    1.6645805259E-04
    68    95    1.3314675198E-06
    68    96    6.1181441054E-05
    68    97    2.0623538616E-04
    68    98    5.7190901913E-05
    68    99    1.8191695666E-04
    68   100    5.3599601640E-05
    68   101    1.6013069359E-04
    68   102    3.3127600193E-05
    69   100    5.8903306832E-05
    69   101    6.6544432846E-04
