-1.24  0.12  0.77  0.37  0.54  0.23  0.45  0.53 -0.01  0.17
-1.08  0.12 -30.0 -30.0 -30.0 -30.0 -30.0 -30.0 -0.16  0.27
-1.32  0.12 -30.0 -30.0  0.48  0.28  0.82  0.45 -0.12  0.25
-1.80  0.22 -30.0 -30.0  1.13  0.44  0.94  0.89 -30.0 -30.0
-0.94  0.13  0.39  0.68  0.30  0.36  1.02  0.53 -0.06  0.32
-1.08  0.26 -30.0 -30.0 -30.0 -30.0 -30.0 -30.0 -30.0 -30.0
-0.70  0.22 -30.0 -30.0 -30.0 -30.0 -30.0 -30.0 -30.0 -30.0
-1.10  0.12 -30.0 -30.0  0.02  0.36  0.61  0.44 -0.22  0.21
-0.91  0.15 -30.0 -30.0  0.19  0.64 -30.0 -30.0 -0.19  0.47
-1.16  0.13  0.77  0.45  0.47  0.38 -0.10  0.40 -0.24  0.45
-0.94  0.13  0.81  0.67  0.30  0.41 -30.0 -30.0 -0.18  0.31
-1.02  0.12  0.18  0.59  0.43  0.28  0.15  0.54 -0.37  0.22
-0.93  0.26 -30.0 -30.0 -30.0 -30.0 -30.0 -30.0  0.24  0.77
-0.60  0.31 -30.0 -30.0 -30.0 -30.0 -30.0 -30.0 -30.0 -30.0
-1.14  0.13  0.17  0.80  0.37  0.41 -30.0 -30.0 -0.16  0.30
-0.87  0.14 -30.0 -30.0 -30.0 -30.0 -30.0 -30.0 -30.0 -30.0
-0.83  0.12  0.18  0.68  0.32  0.34  0.29  0.48 -0.46  0.29
-1.00  0.16 -30.0 -30.0  0.80  0.56 -30.0 -30.0  0.10  0.46
-0.13  0.20 -30.0 -30.0 -30.0 -30.0 -30.0 -30.0 -30.0 -30.0
-1.29  0.44 -30.0 -30.0 -30.0 -30.0 -30.0 -30.0 -30.0 -30.0
-0.96  0.14 -30.0 -30.0  1.02  0.37 -0.60  0.80  0.30  0.14
-1.14  0.12  0.60  0.23  0.30  0.21  0.34  0.37 -0.06  0.19
-1.21  0.23 -30.0 -30.0 -30.0 -30.0 -30.0 -30.0 -30.0 -30.0
-0.94  0.23  1.20  0.47 -30.0 -30.0 -30.0 -30.0 -30.0 -30.0
-1.22  0.12  0.38  0.65  0.10  0.38 -0.49  0.55 -0.33  0.14
-0.94  0.14 -30.0 -30.0  0.19  0.60 -30.0 -30.0 -30.0 -30.0
-0.46  0.19 -30.0 -30.0  0.69  0.68 -30.0 -30.0 -30.0 -30.0
-1.23  0.39 -30.0 -30.0 -30.0 -30.0 -30.0 -30.0 -30.0 -30.0
-1.01  0.13  0.53  0.72 -30.0 -30.0 -0.07  0.98 -30.0 -30.0
-0.98  0.12 -0.06  0.37 -0.09  0.19  0.40  0.28 -0.38  0.15
-1.15  0.13  0.87  0.54 -30.0 -30.0 -30.0 -30.0  0.00  0.40
-0.86  0.11 -0.05  0.29  0.18  0.24 -0.15  0.30 -0.24  0.11
-1.70  0.70 -30.0 -30.0 -30.0 -30.0 -30.0 -30.0 -30.0 -30.0
-0.80  0.19  0.97  0.91  0.73  0.71 -30.0 -30.0  0.35  0.53
-0.97  0.11 -0.11  0.21 -0.56  0.26 -0.11  0.24 -0.35  0.10
-0.82  0.12 -30.0 -30.0 -30.0 -30.0 -30.0 -30.0 -0.48  0.28
-0.83  0.12 -0.14  0.89 -0.59  0.80  0.38  0.45  0.13  0.21
-1.08  0.13 -0.19  0.88  0.73  0.30 -30.0 -30.0  0.46  0.19
-0.67  0.13 -30.0 -30.0 -30.0 -30.0  0.92  0.79 -30.0 -30.0
-0.66  0.12 -30.0 -30.0  0.09  0.49 -0.07  0.62 -0.03  0.36
-0.90  0.12  0.68  0.34 -0.06  0.28  0.80  0.36 -0.16  0.18
-0.79  0.12 -30.0 -30.0  0.77  0.26  0.52  0.65  0.11  0.21
-0.89  0.12 -30.0 -30.0  0.12  0.33 -30.0 -30.0 -30.0 -30.0
-0.88  0.12 -0.42  0.63 -30.0 -30.0 -0.21  0.41 -0.10  0.15
-0.73  0.13 -30.0 -30.0 -30.0 -30.0  0.45  0.73 -30.0 -30.0
-0.98  0.20 -30.0 -30.0  0.85  0.51  0.61  0.98  0.38  0.24
-0.83  0.12  0.17  0.89  0.53  0.32 -30.0 -30.0  0.02  0.21
-0.75  0.13  0.12  0.74 -30.0 -30.0 -30.0 -30.0 -30.0 -30.0
-1.40  0.27 -30.0 -30.0 -30.0 -30.0 -30.0 -30.0 -0.01  0.98
-1.04  0.12 -30.0 -30.0  0.31  0.27 -0.47  0.41 -0.23  0.25
-0.99  0.11  0.35  0.27  0.19  0.18 -0.18  0.25  0.05  0.10
-1.78  0.20  1.04  0.77  1.02  0.37 -30.0 -30.0 -30.0 -30.0
-0.60  0.12 -30.0 -30.0  0.36  0.37  0.30  0.92 -0.07  0.21
-1.00  0.16  0.77  0.70  0.68  0.16 -30.0 -30.0  0.49  0.34
-1.38  0.36 -30.0 -30.0 -30.0 -30.0 -30.0 -30.0 -30.0 -30.0
-0.85  0.13  0.01  0.79  0.59  0.31  0.89  0.52 -0.23  0.31
-1.09  0.12  0.38  0.34  0.10  0.33 -0.44  0.41 -0.42  0.20
-2.58  0.83 -30.0 -30.0 -30.0 -30.0 -30.0 -30.0 -30.0 -30.0
-1.23  0.21  0.99  0.71  0.64  0.61 -30.0 -30.0  0.80  0.45
-0.78  0.12  0.37  0.55 -0.01  0.41  0.43  0.65 -30.0 -30.0
-1.07  0.12 -0.14  0.64  0.66  0.23  0.58  0.38  0.19  0.16
-0.68  0.12 -0.69  0.83  0.10  0.41 -30.0 -30.0 -0.15  0.44
-0.62  0.12 -30.0 -30.0  0.37  0.15  0.00  0.48  0.01  0.20
-0.51  0.12  0.06  0.59  0.97  0.26 -30.0 -30.0 -0.17  0.30
-1.31  0.13 -30.0 -30.0 -30.0 -30.0 -30.0 -30.0  0.26  0.23
-1.15  0.12 -0.11  0.14  0.13  0.23 -0.48  0.29 -0.34  0.11
-1.51  0.57 -30.0 -30.0 -30.0 -30.0 -30.0 -30.0 -30.0 -30.0
-0.99  0.11  0.11  0.26 -0.12  0.24  0.08  0.26 -0.33  0.12
-0.42  0.16 -30.0 -30.0  0.18  0.53  0.21  0.72  0.99  0.24
-0.71  0.12  0.30  0.47 -0.13  0.37  0.81  0.37 -0.03  0.19
-1.76  0.13 -30.0 -30.0 -30.0 -30.0 -0.75  0.90 -0.39  0.50
-1.42  0.13 -30.0 -30.0 -0.22  0.64 -30.0 -30.0 -0.15  0.36
-0.84  0.12  0.20  0.42  0.39  0.19  0.57  0.41 -0.15  0.24
-1.29  0.29 -30.0 -30.0 -30.0 -30.0 -30.0 -30.0  0.90  0.57
-1.15  0.27 -30.0 -30.0  0.45  0.70 -30.0 -30.0  0.49  0.65
-1.02  0.11 -0.02  0.17 -0.16  0.19 -0.41  0.19 -0.34  0.10
-1.52  0.12 -0.50  0.88 -0.04  0.29 -0.48  0.27  0.01  0.14
-0.69  0.12 -0.28  0.42 -0.30  0.26  0.10  0.35 -0.44  0.19
-0.87  0.12  0.33  0.65 -30.0 -30.0 -30.0 -30.0  0.04  0.28
-1.59  0.12  0.83  0.28  0.66  0.21  0.27  0.17  0.29  0.10
-0.93  0.17 -30.0 -30.0 -30.0 -30.0  1.15  0.57 -30.0 -30.0
-1.12  0.12 -30.0 -30.0  0.19  0.32  0.60  0.73 -0.32  0.14
-0.85  0.12  0.17  0.19 -0.22  0.31  0.28  0.26 -0.03  0.14
-0.83  0.12 -30.0 -30.0  0.29  0.39  0.08  0.50  0.32  0.22
-0.85  0.14  0.70  0.69 -0.59  0.94 -30.0 -30.0 -0.42  0.54
-1.33  0.13  0.28  0.44  0.09  0.27 -0.19  0.47 -30.0 -30.0
-1.75  0.28 -30.0 -30.0 -30.0 -30.0 -30.0 -30.0  0.89  0.49
-1.39  0.39 -30.0 -30.0 -30.0 -30.0 -30.0 -30.0 -30.0 -30.0
-0.55  0.13  0.50  0.85 -0.53  0.92  0.34  0.88 -30.0 -30.0
-0.82  0.15 -30.0 -30.0  0.35  0.44  0.81  0.73  0.67  0.31
-1.09  0.12 -30.0 -30.0 -30.0 -30.0 -0.18  0.20 -30.0 -30.0
-0.59  0.13  0.11  0.96 -0.27  0.65  0.18  0.91 -30.0 -30.0
-1.53  0.20 -30.0 -30.0 -30.0 -30.0  1.01  0.81  0.50  0.46
-1.16  0.12  0.45  0.24  0.18  0.12  0.00  0.30  0.00  0.17
-1.24  0.12 -30.0 -30.0  0.30  0.30 -30.0 -30.0  0.30  0.17
-1.65  0.23 -30.0 -30.0  0.82  0.86 -30.0 -30.0 -0.18  0.73
-0.77  0.12  0.36  0.59  0.83  0.32  0.76  0.31  0.38  0.27
-0.64  0.12  0.17  0.46 -0.30  0.30 -0.11  0.53 -0.01  0.25
-1.26  0.14 -30.0 -30.0  0.20  0.15  0.89  0.52  0.00  0.34
-1.11  0.14 -30.0 -30.0 -0.30  0.81 -30.0 -30.0  0.26  0.39
-0.79  0.11 -0.02  0.29  0.02  0.15 -0.21  0.16 -0.36  0.10
-1.42  0.23 -30.0 -30.0  0.44  0.94  0.40  0.85  0.48  0.56
-0.71  0.12  0.27  0.69 -0.57  0.62 -0.24  0.75 -0.58  0.52
-0.87  0.13  0.46  0.55  0.10  0.37  0.09  0.55 -0.56  0.48
-1.00  0.12 -30.0 -30.0  0.44  0.23 -0.20  0.91 -0.30  0.25
-1.51  0.17 -30.0 -30.0 -30.0 -30.0  0.57  0.51 -30.0 -30.0
-0.03  0.14 -30.0 -30.0 -0.44  0.89 -30.0 -30.0 -30.0 -30.0
-1.91  0.23 -30.0 -30.0  0.57  0.58  1.18  0.62  0.98  0.38
-1.16  0.13  0.76  0.60  0.94  0.36  0.69  0.38  0.20  0.23
-0.90  0.11 -0.35  0.33  0.22  0.21 -0.25  0.29 -0.03  0.09
-1.13  0.12  0.42  0.40  0.25  0.18 -0.64  0.31  0.09  0.19
-1.46  0.20 -30.0 -30.0 -30.0 -30.0 -30.0 -30.0 -0.13  0.67
-2.08  0.13  0.43  0.65  0.53  0.24 -30.0 -30.0  0.35  0.24
-0.76  0.15  0.35  0.91  0.41  0.43  1.03  0.65 -30.0 -30.0
-1.40  0.18 -30.0 -30.0  0.35  0.61 -30.0 -30.0 -0.41  0.36
-0.78  0.12 -30.0 -30.0 -0.54  0.60 -0.55  0.59 -0.14  0.20
-1.12  0.12 -30.0 -30.0  0.34  0.29  0.71  0.45  0.25  0.21
-0.95  0.12  0.03  0.70 -0.51  0.59 -30.0 -30.0 -0.22  0.55
-1.16  0.12 -0.49  0.74  0.30  0.22 -0.32  0.36  0.10  0.16
-0.41  0.13 -30.0 -30.0  0.32  0.40 -0.34  0.63  0.38  0.22
-0.59  0.12  0.64  0.31  0.66  0.18 -0.04  0.43 -0.05  0.14
-0.92  0.12 -30.0 -30.0 -30.0 -30.0  0.64  0.57 -0.47  0.35
-1.24  0.13  0.33  0.53 -0.06  0.29 -0.10  0.20  0.02  0.26
-0.94  0.11 -0.20  0.16  0.08  0.18 -0.32  0.74 -0.39  0.10
-0.93  0.13 -30.0 -30.0 -0.39  0.82  0.20  0.56  0.15  0.37
-0.97  0.16 -30.0 -30.0 -30.0 -30.0 -0.56  0.93 -0.26  0.74
-1.11  0.11  0.19  0.26 -0.19  0.27 -0.21  0.40 -0.21  0.14
-1.71  0.33 -30.0 -30.0 -30.0 -30.0 -30.0 -30.0  0.92  0.78
-1.07  0.14  0.72  0.64  0.04  0.60  0.26  0.83 -0.03  0.41
-1.01  0.16  1.06  0.64  1.09  0.32 -0.18  0.64 -0.01  0.56
-1.09  0.12  0.03  0.38 -0.06  0.63  0.05  0.33 -0.48  0.16
-1.17  0.12 -0.16  0.36  0.10  0.19  0.60  0.27 -0.11  0.14
-1.33  0.16 -30.0 -30.0  0.03  0.75 -0.45  0.64  0.19  0.36
-1.05  0.11  0.20  0.24 -0.19  0.18  0.19  0.16 -0.15  0.10
-1.04  0.11 -30.0 -30.0 -0.03  0.26 -0.22  0.71 -0.30  0.15
-0.71  0.12 -30.0 -30.0  0.47  0.26 -0.46  0.47  0.12  0.24
-1.08  0.12 -30.0 -30.0 -0.46  0.42 -0.24  0.20 -0.10  0.17
-0.93  0.12 -0.24  0.97  0.23  0.35  0.30  0.57  0.30  0.12
-0.70  0.12  0.28  0.26 -30.0 -30.0 -0.18  0.49  0.00  0.21
-0.55  0.11 -0.14  0.21  0.04  0.15 -0.20  0.29 -0.06  0.10
-0.79  0.14  0.96  0.80  0.82  0.54  0.59  0.85  0.03  0.38
-1.01  0.11 -0.05  0.15 -0.16  0.19 -0.21  0.22 -0.18  0.13
-1.45  0.25 -30.0 -30.0 -30.0 -30.0 -30.0 -30.0  0.40  0.99
-0.99  0.14 -30.0 -30.0  0.24  0.31 -30.0 -30.0 -30.0 -30.0
-0.97  0.12 -0.28  0.55  0.22  0.21 -0.52  0.29  0.05  0.16
-1.29  0.12 -30.0 -30.0  0.33  0.23 -0.36  0.38 -0.04  0.25
-0.78  0.12  0.14  0.33  0.36  0.27 -0.07  0.40  0.30  0.17
-0.96  0.12  0.54  0.28 -0.11  0.30  0.27  0.32  0.13  0.13
-1.24  0.11  0.23  0.20 -0.38  0.24  0.08  0.21 -0.53  0.20
-1.23  0.12  0.98  0.29 -0.26  0.37 -0.17  0.40  0.18  0.15
-1.10  0.12  0.28  0.33  0.19  0.19  0.54  0.33  0.16  0.13
-2.08  0.28 -30.0 -30.0  0.97  0.65 -30.0 -30.0 -30.0 -30.0
-0.93  0.12 -0.16  0.38  0.10  0.21  0.19  0.30  0.20  0.09
-0.87  0.12 -0.30  0.82 -0.50  0.43 -0.10  0.48 -30.0 -30.0
-0.85  0.11 -0.27  0.32  0.03  0.18  0.04  0.20 -0.18  0.10
-0.66  0.12 -0.52  0.43  0.09  0.23  0.29  0.32 -0.11  0.12
-1.36  0.14 -30.0 -30.0 -0.15  0.91 -30.0 -30.0 -0.41  0.70
-0.84  0.12 -30.0 -30.0  0.47  0.20  0.33  0.40 -0.19  0.19
-1.65  0.17  1.00  0.79  0.39  0.32  0.83  0.43  0.40  0.32
-1.16  0.11  0.02  0.28 -30.0 -30.0 -0.24  0.22 -0.40  0.09
-1.33  0.28 -30.0 -30.0  1.35  0.75 -30.0 -30.0 -30.0 -30.0
-0.82  0.12 -30.0 -30.0 -0.12  0.39  0.40  0.70 -0.06  0.27
-1.80  0.47 -30.0 -30.0 -30.0 -30.0 -30.0 -30.0  1.00  0.88
-1.01  0.12 -0.10  0.77 -30.0 -30.0  0.30  0.41 -0.25  0.24
-1.63  0.33 -30.0 -30.0 -30.0 -30.0 -30.0 -30.0  1.20  0.51
-1.16  0.12  0.36  0.25  0.30  0.15 -0.10  0.25 -0.47  0.16
-1.15  0.11  0.33  0.15  0.20  0.13  0.30  0.17  0.06  0.10
-1.20  0.12 -30.0 -30.0 -0.15  0.56  0.51  0.49 -0.10  0.14
-1.15  0.11  0.11  0.15 -0.11  0.14 -0.15  0.14 -0.25  0.09
-1.20  0.12 -30.0 -30.0 -30.0 -30.0 -0.44  0.51  0.08  0.26
-1.65  0.24 -30.0 -30.0  1.09  0.45  0.33  0.99  0.20  0.70
-0.85  0.12  0.30  0.57 -0.03  0.54 -0.01  0.30 -0.53  0.28
-1.30  0.30 -30.0 -30.0  1.26  0.85 -30.0 -30.0 -30.0 -30.0
-0.89  0.11 -0.07  0.20  0.15  0.13  0.02  0.19 -0.01  0.09
-1.22  0.11  0.10  0.15  0.03  0.15  0.31  0.18 -0.22  0.11
-0.66  0.14 -30.0 -30.0  0.01  0.80 -30.0 -30.0  0.07  0.44
-1.00  0.11 -0.27  0.34 -0.15  0.18 -0.21  0.29 -0.27  0.10
-1.30  0.12  0.74  0.52 -30.0 -30.0 -0.61  0.22 -30.0 -30.0
-1.12  0.11 -0.12  0.21 -0.03  0.15 -0.42  0.16 -0.28  0.09
-1.53  0.12  0.68  0.37  0.24  0.28  0.71  0.29 -0.22  0.19
-0.29  0.17 -30.0 -30.0 -30.0 -30.0 -30.0 -30.0 -30.0 -30.0
-0.69  0.12 -30.0 -30.0 -30.0 -30.0  0.57  0.82 -0.22  0.30
-0.76  0.11  0.09  0.19 -0.13  0.15  0.10  0.22 -0.18  0.10
-0.93  0.18 -30.0 -30.0 -30.0 -30.0  0.15  0.93 -30.0 -30.0
-1.09  0.14 -30.0 -30.0 -0.01  0.59 -0.04  0.61 -30.0 -30.0
-0.96  0.11 -0.30  0.44  0.13  0.17  0.10  0.15 -0.14  0.12
-0.71  0.11 -0.63  0.60 -0.04  0.21 -0.02  0.28 -0.03  0.12
-1.13  0.11  0.19  0.26 -0.32  0.29 -0.65  0.34 -0.10  0.13
-0.84  0.11 -0.06  0.17 -0.33  0.15 -0.50  0.15 -0.42  0.09
-1.48  0.20 -30.0 -30.0  0.99  0.44 -30.0 -30.0  0.50  0.42
-0.65  0.12  0.11  0.29  0.23  0.22  0.01  0.24 -0.08  0.14
-2.22  0.25 -30.0 -30.0  1.00  0.40 -30.0 -30.0 -30.0 -30.0
-1.82  0.17 -30.0 -30.0 -30.0 -30.0  0.96  0.45 -30.0 -30.0
-0.84  0.15 -30.0 -30.0  0.94  0.37 -30.0 -30.0 -30.0 -30.0
-1.04  0.11 -0.20  0.16 -0.21  0.15 -0.35  0.14 -0.44  0.09
-0.74  0.13  0.35  0.70 -30.0 -30.0 -30.0 -30.0  0.26  0.30
-1.19  0.13  0.81  0.31  0.87  0.21  0.93  0.34  0.43  0.20
-0.75  0.12 -30.0 -30.0  0.33  0.20 -0.15  0.40  0.12  0.19
-1.04  0.12  0.36  0.36  0.20  0.24 -0.59  0.57 -0.17  0.20
-0.38  0.14  0.64  0.84 -0.25  0.71  0.20  0.75  0.00  0.24
-1.05  0.11  0.20  0.12 -0.09  0.15 -0.01  0.16  0.00  0.09
-1.18  0.15  0.38  0.63  0.06  0.55 -0.01  0.52  0.41  0.32
-1.09  0.11  0.07  0.15 -0.18  0.19 -0.05  0.18 -0.50  0.10
-0.69  0.12  0.46  0.47  0.00  0.35 -0.08  0.41 -0.01  0.26
-1.95  0.13  0.31  0.68 -30.0 -30.0 -0.28  0.52 -0.18  0.36
-0.89  0.13  0.93  0.39  0.45  0.36  1.07  0.50 -30.0 -30.0
-0.75  0.12  0.33  0.23  0.12  0.18  0.22  0.22 -0.05  0.14
-1.11  0.11  0.26  0.15 -0.01  0.16 -0.06  0.22  0.02  0.10
-1.34  0.27  1.10  0.80  0.75  0.61 -30.0 -30.0 -30.0 -30.0
-1.14  0.11 -0.07  0.35 -0.10  0.17  0.04  0.18 -0.21  0.19
-1.49  0.12  0.19  0.65 -0.20  0.38  0.17  0.31  0.22  0.17
-0.59  0.11 -0.42  0.41  0.16  0.15  0.17  0.21  0.06  0.12
-0.81  0.13 -0.15  0.80 -0.08  0.41 -30.0 -30.0 -0.16  0.39
-0.96  0.11 -0.46  0.30  0.17  0.18 -0.02  0.13 -0.47  0.10
-1.25  0.13 -30.0 -30.0 -30.0 -30.0 -0.09  0.66 -0.07  0.32
-1.35  0.15 -30.0 -30.0  1.10  0.28  0.13  0.40  0.69  0.14
-1.06  0.11 -0.25  0.24 -0.40  0.23  0.19  0.24 -0.40  0.12
-1.52  0.16 -30.0 -30.0  1.02  0.29  0.40  0.20  0.11  0.45
-2.80  0.55 -30.0 -30.0 -30.0 -30.0  1.20  0.65 -30.0 -30.0
-1.05  0.12 -30.0 -30.0  0.05  0.31  0.05  0.53 -0.50  0.27
-0.93  0.12 -30.0 -30.0  0.21  0.34  0.20  0.26 -0.10  0.27
-1.22  0.13  0.70  0.51 -0.35  0.71 -30.0 -30.0 -30.0 -30.0
-1.26  0.13 -30.0 -30.0  0.36  0.38 -30.0 -30.0  0.22  0.30
-1.18  0.12 -0.23  0.41  0.58  0.16  0.46  0.32  0.06  0.14
-0.82  0.12  0.39  0.30  0.09  0.13 -0.10  0.16 -0.36  0.25
-1.05  0.15 -30.0 -30.0 -30.0 -30.0 -30.0 -30.0 -0.09  0.59
-0.88  0.11  0.29  0.21 -0.01  0.16  0.52  0.23 -0.23  0.14
-1.13  0.11  0.01  0.14 -0.24  0.18 -0.17  0.16 -0.53  0.09
-1.06  0.11 -0.31  0.82 -0.27  0.19 -0.14  0.22 -0.42  0.09
-0.79  0.11  0.08  0.11 -0.05  0.14  0.11  0.17 -0.31  0.09
-0.85  0.11 -0.13  0.26 -0.15  0.17 -0.10  0.42 -0.37  0.10
-1.01  0.11 -0.01  0.14  0.01  0.14 -0.08  0.27 -0.30  0.10
-1.01  0.12 -0.27  0.44 -0.14  0.26  0.15  0.37 -0.28  0.13
-1.60  0.26 -30.0 -30.0  0.97  0.64 -30.0 -30.0  0.96  0.48
-1.03  0.11  0.11  0.22 -0.18  0.23 -0.12  0.21 -0.19  0.12
-0.98  0.13 -0.02  0.95 -0.10  0.47 -0.26  0.57 -0.30  0.42
-1.34  0.12  1.13  0.28  0.10  0.16  0.57  0.24 -0.28  0.14
-0.87  0.12  0.14  0.58 -30.0 -30.0 -30.0 -30.0  0.00  0.26
-0.67  0.11 -0.10  0.19 -0.29  0.16 -0.33  0.21 -0.45  0.09
-1.27  0.13 -30.0 -30.0 -30.0 -30.0 -0.43  0.79 -0.36  0.49
-0.90  0.13 -30.0 -30.0 -0.54  0.63 -0.03  0.62 -30.0 -30.0
-1.70  0.31 -30.0 -30.0  0.29  0.71 -30.0 -30.0  0.38  0.81
-0.79  0.12 -0.32  0.76  0.27  0.22 -0.05  0.34  0.10  0.11
-1.15  0.11  0.17  0.12  0.38  0.11  0.20  0.14  0.06  0.10
-1.61  0.17 -30.0 -30.0 -30.0 -30.0 -30.0 -30.0 -30.0 -30.0
-1.12  0.12  0.90  0.34  0.42  0.25  0.21  0.37 -0.29  0.23
-1.48  0.19 -30.0 -30.0  1.00  0.34 -30.0 -30.0  0.70  0.45
-1.14  0.12 -0.31  0.51 -30.0 -30.0  0.09  0.22 -0.23  0.18
-1.17  0.36 -30.0 -30.0 -30.0 -30.0 -30.0 -30.0 -30.0 -30.0
-1.04  0.12 -0.13  0.23 -0.12  0.24 -0.12  0.17 -0.04  0.13
-0.73  0.11  0.18  0.20  0.10  0.27  0.05  0.21 -0.22  0.12
-1.82  0.20 -30.0 -30.0  0.75  0.47  0.88  0.75 -30.0 -30.0
-1.76  0.14 -30.0 -30.0  0.92  0.27  0.50  0.40  0.30  0.28
-0.69  0.11 -0.02  0.17 -0.23  0.14 -0.26  0.16 -0.13  0.09
-0.84  0.12  0.05  0.45 -30.0 -30.0 -0.11  0.30 -0.05  0.20
-0.78  0.11 -0.10  0.11 -0.18  0.16 -0.29  0.18 -0.45  0.09
-0.76  0.11  0.16  0.17 -0.48  0.20 -0.17  0.21 -0.35  0.09
-0.86  0.13  0.30  0.69 -0.26  0.98 -30.0 -30.0  0.06  0.38
-1.44  0.29 -30.0 -30.0  0.20  0.99 -30.0 -30.0  0.89  0.55
-1.81  0.28 -30.0 -30.0 -30.0 -30.0 -30.0 -30.0 -30.0 -30.0
-0.81  0.11  0.23  0.17 -0.09  0.15  0.25  0.19 -0.24  0.11
-1.05  0.12 -30.0 -30.0  0.10  0.17 -0.10  0.18 -0.23  0.15
-2.82  0.29 -30.0 -30.0 -30.0 -30.0 -30.0 -30.0  0.37  0.26
-0.69  0.13 -30.0 -30.0 -30.0 -30.0 -30.0 -30.0 -0.16  0.76
-1.00  0.15 -30.0 -30.0  0.88  0.60 -30.0 -30.0  0.20  0.42
-1.10  0.11  0.08  0.21  0.22  0.17  0.00  0.30  0.00  0.14
-1.07  0.15 -30.0 -30.0  0.74  0.41  0.49  0.82  0.37  0.50
-0.93  0.11  0.08  0.11  0.10  0.14 -0.11  0.16 -0.02  0.15
-0.59  0.12 -0.02  0.42 -30.0 -30.0  0.18  0.31 -0.27  0.31
-1.29  0.16 -30.0 -30.0 -0.40  0.94  0.19  0.74 -30.0 -30.0
-0.93  0.11  0.00  0.38  0.04  0.16 -0.22  0.19 -0.30  0.09
-0.98  0.13 -30.0 -30.0  0.28  0.44  0.55  0.46  0.24  0.30
-1.67  0.15  0.74  0.55  0.16  0.59 -0.48  0.56 -0.48  0.81
-1.52  0.16 -30.0 -30.0 -30.0 -30.0 -0.61  0.63 -30.0 -30.0
-2.42  0.15 -30.0 -30.0 -30.0 -30.0  0.64  0.29  0.40  0.86
-0.95  0.12  0.26  0.27 -0.10  0.24  0.04  0.24 -0.13  0.13
-1.08  0.15  0.74  0.47  0.67  0.44 -0.65  0.90  0.87  0.25
-0.92  0.14 -30.0 -30.0  0.44  0.48 -30.0 -30.0 -0.03  0.33
-0.83  0.11  0.08  0.16  0.04  0.14  0.12  0.37 -0.05  0.10
-0.67  0.12  0.03  0.63 -0.09  0.38  1.17  0.35 -0.22  0.20
-0.91  0.11  0.25  0.18 -0.01  0.52 -0.39  0.25 -0.38  0.10
-1.08  0.12 -30.0 -30.0 -0.43  0.58  0.19  0.46 -0.11  0.14
-1.05  0.14  0.67  0.53  0.77  0.29  0.89  0.44  0.36  0.28
-1.06  0.11 -0.28  0.43 -0.03  0.20 -0.52  0.27 -0.31  0.13
-0.77  0.12  0.06  0.52  0.05  0.23  0.24  0.34 -0.07  0.32
-1.66  0.27 -30.0 -30.0 -30.0 -30.0 -30.0 -30.0  0.76  0.48
-0.71  0.12 -0.23  0.85 -30.0 -30.0 -0.66  0.65 -30.0 -30.0
-1.44  0.12 -0.01  0.20 -0.13  0.23  0.44  0.28 -0.10  0.11
-1.29  0.22 -30.0 -30.0  0.87  0.75 -30.0 -30.0  0.44  0.68
-0.58  0.11 -0.14  0.22 -0.45  0.21 -0.15  0.22 -0.25  0.10
-1.14  0.16 -30.0 -30.0  0.09  0.45 -0.36  0.87 -0.64  0.91
-1.20  0.13 -30.0 -30.0  0.00  0.65  0.38  0.70 -0.25  0.35
-0.84  0.12  0.39  0.69  0.06  0.48 -0.28  0.74 -0.22  0.24
-1.16  0.11  0.22  0.18  0.36  0.14 -0.18  0.18 -0.11  0.11
-1.46  0.20 -30.0 -30.0  1.04  0.49 -30.0 -30.0  0.45  0.54
-1.15  0.29 -30.0 -30.0 -30.0 -30.0 -30.0 -30.0  0.92  0.59
-1.20  0.12  0.51  0.31  0.50  0.17 -30.0 -30.0 -30.0 -30.0
-1.52  0.21 -30.0 -30.0 -30.0 -30.0  0.28  0.64 -0.05  0.77
-0.95  0.12  0.61  0.27 -0.51  0.31 -0.37  0.30 -0.40  0.13
-1.26  0.12  0.88  0.22  0.27  0.13 -0.13  0.24  0.05  0.12
-0.90  0.11  0.08  0.25 -0.35  0.23 -0.19  0.21 -0.13  0.19
-0.73  0.12  0.58  0.39 -0.19  0.35 -0.24  0.53 -30.0 -30.0
-0.91  0.13  0.81  0.52 -30.0 -30.0 -0.52  0.59 -0.45  0.48
-1.62  0.39 -30.0 -30.0 -30.0 -30.0 -30.0 -30.0 -30.0 -30.0
-0.84  0.12 -0.20  0.67 -0.04  0.29  0.10  0.47  0.10  0.20
-1.27  0.15  0.94  0.69  0.36  0.42 -0.36  0.78 -0.50  0.62
-0.78  0.14 -30.0 -30.0 -30.0 -30.0  0.70  0.58  0.32  0.38
-1.16  0.11  0.09  0.25 -0.19  0.17  0.03  0.24 -0.10  0.13
-1.32  0.31 -30.0 -30.0 -30.0 -30.0 -30.0 -30.0  0.63  0.83
-0.57  0.12 -30.0 -30.0 -0.11  0.31 -0.42  0.67 -0.80  0.51
-0.79  0.11  0.10  0.24 -0.06  0.15 -0.33  0.19 -0.29  0.10
-0.95  0.12 -0.30  0.47  0.20  0.13 -0.32  0.27 -0.02  0.15
-1.46  0.28 -30.0 -30.0  1.00  0.69  0.90  0.82  0.78  0.27
-1.39  0.41 -30.0 -30.0 -30.0 -30.0 -30.0 -30.0 -30.0 -30.0
-1.09  0.11 -0.10  0.82 -0.33  0.27  0.30  0.25 -0.29  0.12
-1.10  0.11  0.00  0.25  0.02  0.15  0.00  0.19 -0.02  0.09
-1.11  0.14  0.26  0.67  0.36  0.37 -0.32  0.94  0.75  0.27
-1.52  0.15 -30.0 -30.0 -30.0 -30.0  1.14  0.46 -0.31  0.58
-1.43  0.13 -30.0 -30.0 -0.30  0.83 -0.04  0.36 -30.0 -30.0
-1.00  0.12 -0.19  0.59 -0.25  0.27 -0.35  0.32 -0.75  0.47
-0.39  0.12 -30.0 -30.0  0.05  0.34 -30.0 -30.0 -0.29  0.29
-1.18  0.11  0.07  0.17  0.22  0.13 -0.27  0.15 -0.27  0.09
-1.06  0.11 -0.11  0.18 -0.18  0.15 -0.11  0.14 -0.41  0.09
-1.08  0.12  0.36  0.30 -0.03  0.26 -0.29  0.34  0.07  0.18
-0.80  0.12  0.00  0.89  0.11  0.20  0.23  0.32 -0.15  0.17
-1.29  0.24 -30.0 -30.0  1.37  0.58 -30.0 -30.0 -30.0 -30.0
-1.11  0.12  0.59  0.50 -30.0 -30.0  0.12  0.61 -0.37  0.31
-0.79  0.11 -0.09  0.16 -0.04  0.13 -0.26  0.15 -0.23  0.11
-0.79  0.12 -0.24  0.50 -30.0 -30.0  0.24  0.27 -0.50  0.19
-0.73  0.11 -0.11  0.16 -0.05  0.15 -0.23  0.19 -0.46  0.09
-1.28  0.11 -0.09  0.32  0.10  0.19  0.03  0.15 -0.23  0.10
-0.88  0.14  0.93  0.65  0.36  0.38  0.08  0.60 -0.79  0.82
-0.96  0.12 -0.55  0.97 -30.0 -30.0  0.14  0.46 -0.39  0.23
-0.84  0.11  0.10  0.27 -0.16  0.19 -0.29  0.31 -0.37  0.12
-1.06  0.12  0.27  0.29  0.17  0.20  0.30  0.22 -0.08  0.19
-0.97  0.21 -30.0 -30.0  0.19  0.80 -30.0 -30.0 -30.0 -30.0
-2.05  0.21 -30.0 -30.0 -30.0 -30.0 -30.0 -30.0  0.13  0.72
-0.91  0.12  0.43  0.44 -0.09  0.52  0.46  0.38 -0.33  0.41
-0.98  0.15 -30.0 -30.0  0.44  0.37 -0.46  0.82 -0.41  0.70
-1.20  0.16 -30.0 -30.0  0.08  0.62  0.30  0.76 -0.01  0.46
-1.17  0.14 -30.0 -30.0  0.30  0.22 -0.09  0.42  0.56  0.22
-1.05  0.14 -30.0 -30.0 -0.21  0.51  0.18  0.41 -0.24  0.53
-0.74  0.11 -0.01  0.13 -0.26  0.15 -0.37  0.19 -0.44  0.09
-0.78  0.11  0.03  0.24 -0.04  0.17 -0.01  0.14 -0.15  0.12
-1.31  0.16 -30.0 -30.0 -30.0 -30.0 -0.74  0.73 -0.04  0.55
-0.94  0.11 -0.04  0.23  0.11  0.14  0.18  0.21 -0.08  0.10
-1.18  0.11 -0.03  0.27 -0.10  0.19  0.15  0.17 -0.27  0.14
-1.04  0.12 -30.0 -30.0  0.18  0.17  0.07  0.37 -0.29  0.20
-0.97  0.11 -0.60  0.61  0.14  0.20 -0.23  0.22 -0.15  0.12
-0.73  0.12 -0.20  0.50 -0.30  0.46  0.21  0.41 -0.45  0.20
-0.78  0.11  0.03  0.32 -0.08  0.14 -0.02  0.20 -0.22  0.09
-0.50  0.11  0.15  0.20 -0.03  0.20  0.18  0.23 -0.29  0.12
-0.61  0.11 -0.07  0.24 -0.19  0.13 -0.51  0.15 -0.41  0.09
-0.69  0.11  0.00  0.16 -0.07  0.13 -0.07  0.16 -0.14  0.09
-1.36  0.24  1.07  0.97 -30.0 -30.0 -30.0 -30.0  0.39  0.61
-0.37  0.14 -30.0 -30.0  0.20  0.63 -30.0 -30.0 -30.0 -30.0
-0.76  0.12  0.00  0.85  0.33  0.21  0.21  0.36 -0.10  0.28
-0.87  0.11 -0.22  0.23 -0.22  0.18 -0.05  0.20 -0.08  0.10
-1.59  0.12 -30.0 -30.0  0.22  0.24 -0.76  0.65 -0.42  0.25
-1.14  0.12  0.03  0.70  0.20  0.16  0.01  0.53 -0.02  0.12
-1.05  0.11  0.02  0.13 -0.02  0.13 -0.14  0.15 -0.38  0.09
-1.28  0.11  0.26  0.22 -0.13  0.18 -0.06  0.29 -0.10  0.09
-1.05  0.12 -0.51  0.83 -0.17  0.34 -30.0 -30.0 -0.26  0.25
-1.12  0.12 -30.0 -30.0 -0.01  0.27  0.56  0.56 -0.28  0.24
-0.71  0.11 -0.33  0.30  0.17  0.18  0.10  0.36 -0.12  0.11
-0.84  0.12 -0.11  0.56  0.03  0.27 -0.30  0.56 -0.52  0.35
-1.30  0.28 -30.0 -30.0  0.94  0.74 -30.0 -30.0  0.56  0.76
-1.18  0.14 -30.0 -30.0 -30.0 -30.0 -30.0 -30.0 -0.32  0.56
-0.86  0.11 -0.23  0.25  0.04  0.16 -0.13  0.19 -0.20  0.10
-1.16  0.12 -0.19  0.46  0.41  0.19 -0.02  0.24 -0.15  0.15
-0.84  0.11  0.01  0.17  0.09  0.14 -0.10  0.15 -0.20  0.10
-0.75  0.12  0.82  0.34  0.01  0.83  0.17  0.51 -0.26  0.35
-1.59  0.23 -30.0 -30.0  0.46  0.42 -30.0 -30.0  0.22  0.81
-0.76  0.14  0.89  0.40  0.40  0.18  0.42  0.70 -0.13  0.36
-1.27  0.12  0.06  0.43  0.55  0.15  0.48  0.35  0.19  0.09
-1.50  0.12  0.41  0.35 -0.10  0.32 -0.33  0.27  0.09  0.17
-1.27  0.14  0.19  0.52  0.27  0.16 -0.10  0.46  0.20  0.31
-0.88  0.12  0.46  0.35 -0.42  0.42 -30.0 -30.0 -30.0 -30.0
-1.48  0.16 -30.0 -30.0  0.64  0.41  0.20  0.40 -0.48  0.93
-0.93  0.13  0.83  0.33  0.62  0.26  0.60  0.40 -0.74  0.42
-1.05  0.14 -30.0 -30.0  0.35  0.45  0.34  0.78 -30.0 -30.0
-0.71  0.11 -0.03  0.15 -0.02  0.15 -0.34  0.16 -0.25  0.11
-0.27  0.14 -30.0 -30.0 -30.0 -30.0 -30.0 -30.0  0.09  0.59
-1.31  0.17 -30.0 -30.0  0.83  0.34 -30.0 -30.0  0.53  0.34
-0.69  0.11 -0.01  0.11 -0.34  0.16 -0.43  0.15 -0.40  0.09
-0.97  0.12  0.19  0.40  0.03  0.28  0.09  0.39 -0.16  0.15
-1.26  0.15  0.38  0.56  0.79  0.24  0.78  0.49  0.03  0.41
-1.01  0.11  0.15  0.20  0.27  0.13  0.50  0.19  0.03  0.09
-2.23  0.29 -30.0 -30.0  0.83  0.55  0.36  0.50 -30.0 -30.0
-0.54  0.12 -0.63  0.78 -30.0 -30.0  0.10  0.20  0.10  0.11
-0.76  0.11 -0.02  0.22  0.33  0.18 -0.46  0.25 -0.16  0.13
-1.10  0.13 -30.0 -30.0  0.08  0.60 -0.59  0.64 -0.02  0.36
-0.82  0.13  0.37  0.45  0.58  0.28 -0.61  0.56  0.37  0.26
-1.20  0.12 -30.0 -30.0 -30.0 -30.0  0.27  0.36 -0.10  0.16
-0.57  0.12  0.23  0.49 -0.42  0.28  0.77  0.29 -0.06  0.20
-1.20  0.12 -30.0 -30.0  0.18  0.19 -0.28  0.30  0.21  0.16
-0.95  0.14  0.40  0.34  0.74  0.31 -30.0 -30.0  0.42  0.40
-1.25  0.13 -30.0 -30.0  0.55  0.22  0.74  0.43 -0.21  0.28
-0.96  0.12  0.47  0.32 -0.32  0.35  0.20  0.26 -0.50  0.29
-1.08  0.11  0.19  0.24 -30.0 -30.0  0.14  0.33 -0.23  0.11
-1.14  0.12  0.64  0.46  0.37  0.31 -0.19  0.42 -0.17  0.23
-1.28  0.23 -30.0 -30.0 -30.0 -30.0 -30.0 -30.0  0.39  0.68
-0.99  0.11  0.14  0.21 -0.13  0.19  0.00  0.13 -0.21  0.12
-0.96  0.12 -0.47  0.49 -0.47  0.30  0.38  0.28 -0.03  0.15
-2.21  0.16  0.86  0.50  0.38  0.45 -0.31  0.24 -0.01  0.66
-0.98  0.12  0.30  0.25 -0.02  0.24  0.10  0.21 -0.38  0.13
-1.03  0.11 -0.10  0.21 -0.01  0.38 -0.26  0.14 -0.40  0.09
-0.97  0.11 -0.17  0.21 -0.43  0.19 -0.38  0.17 -0.40  0.08
-0.87  0.12  0.66  0.33 -0.06  0.27  0.22  0.47 -0.71  0.29
-0.95  0.13 -30.0 -30.0  0.16  0.58 -30.0 -30.0  0.15  0.38
-0.96  0.12 -0.31  0.96 -0.04  0.43  0.62  0.33 -0.26  0.28
-0.93  0.14  0.08  0.97 -0.12  0.69  0.21  0.96 -30.0 -30.0
-0.57  0.11  0.12  0.32 -0.21  0.23 -0.07  0.47 -0.35  0.14
-0.85  0.11  0.00  0.46  0.20  0.25  0.27  0.19 -0.01  0.10
-0.90  0.12 -30.0 -30.0  0.67  0.25  0.24  0.40 -0.35  0.28
-1.06  0.11 -0.21  0.25 -0.09  0.15  0.06  0.20 -0.27  0.10
-0.78  0.12 -0.15  0.44 -0.18  0.30  1.09  0.29 -0.19  0.19
-0.70  0.11 -0.09  0.15 -0.09  0.14 -0.26  0.15 -0.14  0.09
-0.76  0.14 -30.0 -30.0  0.71  0.35  0.10  0.54  0.68  0.24
-1.21  0.12 -30.0 -30.0  0.08  0.32 -0.27  0.35  0.28  0.20
-1.10  0.11 -0.20  0.24 -0.01  0.15  0.19  0.19 -0.25  0.10
-1.26  0.12  0.21  0.49  0.45  0.24 -0.14  0.41  0.12  0.27
-0.93  0.12  0.67  0.24  0.30  0.18  0.28  0.31 -0.33  0.20
-0.78  0.12 -30.0 -30.0  0.26  0.24  0.36  0.42  0.01  0.20
-0.87  0.11  0.04  0.30 -0.43  0.25 -0.22  0.17 -0.43  0.10
-0.80  0.13  0.50  0.90  0.61  0.25 -0.40  0.60 -0.80  0.64
-0.64  0.11 -0.23  0.25 -0.33  0.14 -0.60  0.15 -0.44  0.09
-1.65  0.13 -30.0 -30.0  0.68  0.29  0.51  0.26 -0.24  0.28
-1.03  0.12  0.39  0.47 -0.35  0.41 -0.66  0.38  0.21  0.21
-0.64  0.11 -0.09  0.18 -0.14  0.14  0.06  0.16 -0.19  0.09
-0.45  0.11  0.15  0.28  0.07  0.21 -0.07  0.23 -0.06  0.12
-1.04  0.15 -30.0 -30.0  0.50  0.36 -30.0 -30.0 -0.12  0.51
-2.25  0.14 -30.0 -30.0  0.34  0.41  0.37  0.23  0.32  0.37
-0.99  0.11 -0.06  0.16 -0.23  0.14 -0.41  0.14 -0.36  0.09
-0.92  0.12  0.62  0.25 -0.06  0.24  0.10  0.28  0.17  0.14
-0.98  0.12  0.00  0.69  0.20  0.40 -0.21  0.57  0.13  0.19
-1.15  0.14 -30.0 -30.0  0.19  0.34  1.08  0.37  0.08  0.18
-1.07  0.13 -30.0 -30.0 -30.0 -30.0 -30.0 -30.0 -0.70  0.61
-1.12  0.12 -30.0 -30.0 -0.05  0.22  0.00  0.41 -0.04  0.12
-0.75  0.11 -0.07  0.15  0.04  0.14 -0.04  0.18 -0.21  0.09
-0.80  0.11 -0.02  0.26 -0.31  0.15 -0.20  0.18 -0.30  0.09
-0.98  0.11  0.14  0.18  0.08  0.15 -0.20  0.45 -0.32  0.10
-1.44  0.12  0.05  0.66  0.10  0.23 -0.38  0.30 -0.10  0.13
-1.02  0.12 -30.0 -30.0  0.29  0.13 -30.0 -30.0 -0.13  0.18
-0.90  0.12 -0.52  0.95  0.34  0.25 -0.55  0.86  0.10  0.19
-0.71  0.11  0.42  0.22  0.30  0.34 -0.08  0.25 -0.18  0.14
-0.80  0.11 -30.0 -30.0 -0.26  0.19 -0.19  0.27 -0.25  0.13
-1.06  0.11  0.03  0.72 -0.04  0.14 -0.26  0.24 -0.17  0.10
-1.17  0.11  0.19  0.18 -0.38  0.21 -0.06  0.19 -0.40  0.13
-1.01  0.12 -0.61  0.77 -0.08  0.23 -0.11  0.23 -0.32  0.14
-1.48  0.15  0.88  0.40  0.52  0.29  0.37  0.88  0.62  0.24
-0.66  0.13 -30.0 -30.0  0.06  0.36 -30.0 -30.0 -0.20  0.45
-0.80  0.13  0.54  0.97 -0.39  0.66 -30.0 -30.0 -0.23  0.51
-1.29  0.11  0.36  0.47 -0.25  0.22  0.36  0.29 -0.12  0.15
-0.60  0.12 -30.0 -30.0 -0.23  0.71 -30.0 -30.0 -0.33  0.41
-1.00  0.11  0.18  0.15 -0.26  0.16 -0.14  0.17 -0.37  0.10
-0.72  0.11  0.09  0.12 -0.10  0.14 -0.07  0.31 -0.41  0.09
-1.16  0.12  0.57  0.27  0.40  0.27  0.20  0.38  0.20  0.25
-1.04  0.11  0.14  0.23  0.11  0.14  0.21  0.15 -0.14  0.10
-1.48  0.11 -0.18  0.58  0.17  0.16  0.00  0.14 -0.10  0.15
-1.16  0.11  0.15  0.17 -0.33  0.19  0.12  0.22 -0.33  0.11
-1.03  0.11  0.12  0.20 -0.22  0.18 -0.17  0.28 -0.35  0.10
-0.79  0.12 -30.0 -30.0  0.00  0.38  0.02  0.26 -0.20  0.34
-1.02  0.12  0.41  0.33  0.28  0.14  0.25  0.35 -0.12  0.23
-0.60  0.11 -0.01  0.17  0.11  0.15  0.25  0.15 -0.11  0.10
-1.16  0.12 -30.0 -30.0 -0.38  0.56 -0.24  0.30 -30.0 -30.0
-1.62  0.19 -30.0 -30.0  0.99  0.41  1.08  0.48 -30.0 -30.0
-0.92  0.15 -30.0 -30.0 -0.12  0.49 -0.33  0.84 -0.17  0.55
-1.63  0.12 -30.0 -30.0  0.57  0.33  0.10  0.18  0.10  0.11
-1.01  0.12 -0.13  0.66 -0.01  0.27  0.08  0.19  0.10  0.10
-0.66  0.11 -0.22  0.32 -0.29  0.14 -0.51  0.16 -0.46  0.09
-1.22  0.12  1.04  0.22  0.15  0.22  1.16  0.18  0.36  0.14
-0.68  0.11  0.08  0.48 -30.0 -30.0  0.50  0.16 -0.19  0.12
-1.03  0.11 -30.0 -30.0 -0.14  0.19  0.10  0.20 -0.16  0.11
-1.01  0.11  0.02  0.34  0.04  0.15 -0.07  0.18 -0.21  0.10
-1.05  0.12  0.22  0.43 -0.11  0.28  0.29  0.31  0.20  0.20
-1.38  0.12  0.25  0.26 -0.02  0.19  0.05  0.36  0.10  0.10
-1.70  0.12 -30.0 -30.0  0.18  0.15  0.02  0.25  0.14  0.20
-0.56  0.11 -0.04  0.37 -0.34  0.23  0.24  0.28  0.10  0.16
-0.60  0.11 -0.17  0.16 -0.37  0.14 -0.58  0.17 -0.45  0.09
-1.20  0.12  0.24  0.42  0.20  0.26 -0.23  0.30  0.05  0.17
-0.61  0.13 -30.0 -30.0 -0.41  0.51 -0.77  0.52  0.26  0.27
-1.33  0.12  0.26  0.49  0.26  0.19 -0.50  0.35  0.02  0.26
-1.23  0.12  0.27  0.49  0.22  0.24 -0.07  0.89 -0.01  0.14
-0.55  0.12 -30.0 -30.0  0.11  0.36 -0.74  0.58 -0.50  0.59
-1.03  0.11 -0.14  0.30  0.00  0.18  0.24  0.19  0.08  0.11
-1.01  0.11  0.16  0.20 -0.15  0.17 -0.23  0.19 -0.20  0.11
-1.04  0.14  0.01  0.88 -30.0 -30.0 -0.16  0.41 -0.28  0.46
-0.90  0.11  0.01  0.22 -0.15  0.16  0.20  0.23 -0.20  0.10
-1.45  0.21 -30.0 -30.0 -30.0 -30.0 -0.10  0.84  0.04  0.95
-0.46  0.13  0.80  0.94  0.13  0.62  0.48  0.76 -0.21  0.39
-0.94  0.12  0.36  0.45 -0.47  0.46 -30.0 -30.0 -0.27  0.25
-0.52  0.11 -0.24  0.15 -0.30  0.13 -0.48  0.14 -0.24  0.09
-0.66  0.13 -0.32  0.83  0.09  0.30 -30.0 -30.0  0.10  0.30
-1.00  0.12 -30.0 -30.0  0.12  0.18  0.32  0.25 -0.10  0.13
-1.52  0.14 -30.0 -30.0  0.20  0.42 -30.0 -30.0 -0.15  0.36
-1.33  0.16  0.56  0.84 -30.0 -30.0  0.33  0.45  0.10  0.34
-0.98  0.12  0.06  0.53 -30.0 -30.0 -0.07  0.54 -0.58  0.31
-1.28  0.13  0.22  0.62  0.42  0.26 -0.71  0.55  0.44  0.27
-1.24  0.11 -0.30  0.16 -0.57  0.22 -0.40  0.13 -0.40  0.09
-1.07  0.13 -30.0 -30.0  0.29  0.23  0.38  0.27  0.08  0.13
-1.01  0.11 -0.51  0.53  0.20  0.20  0.06  0.20 -0.14  0.14
-1.20  0.13 -30.0 -30.0  0.39  0.16 -0.34  0.65  0.21  0.26
-0.79  0.11 -0.11  0.16 -0.14  0.18 -0.15  0.18 -0.55  0.09
-0.78  0.11  0.36  0.22  0.05  0.18  0.30  0.23  0.09  0.24
-1.22  0.16 -30.0 -30.0 -0.10  0.91  0.92  0.40  0.58  0.31
-0.88  0.12 -30.0 -30.0  0.00  0.50  0.30  0.40 -0.38  0.28
-0.96  0.11 -0.05  0.19 -0.53  0.20 -0.30  0.14 -0.40  0.08
-0.76  0.11 -0.22  0.82  0.20  0.17 -0.05  0.23 -0.29  0.14
-0.65  0.12 -30.0 -30.0  0.47  0.27 -30.0 -30.0 -0.05  0.26
-0.98  0.12  0.79  0.64 -30.0 -30.0 -0.36  0.35  0.05  0.24
-1.15  0.12  0.29  0.20  0.09  0.31  0.48  0.31  0.41  0.16
-1.36  0.11 -0.20  0.15 -0.21  0.23 -0.17  0.13 -0.30  0.10
-1.21  0.11 -0.29  0.32 -0.07  0.15  0.00  0.13 -0.15  0.10
-0.89  0.14 -30.0 -30.0 -0.42  0.64 -30.0 -30.0  0.50  0.37
-1.07  0.11 -0.20  0.11 -0.07  0.19 -0.41  0.14 -0.08  0.09
-0.91  0.12 -30.0 -30.0  0.10  0.17 -0.11  0.19 -0.02  0.21
-1.21  0.14  0.25  0.88  0.40  0.23  0.20  0.78  0.53  0.28
-1.23  0.14 -30.0 -30.0  0.41  0.41  1.06  0.38 -0.20  0.36
-0.68  0.12  0.36  0.44  0.20  0.23  0.70  0.45 -0.29  0.31
-0.86  0.12 -0.59  0.65  0.21  0.23 -0.30  0.41 -0.19  0.21
-1.20  0.11 -0.56  0.64 -0.23  0.24 -0.08  0.20 -0.29  0.47
-1.02  0.12 -30.0 -30.0 -30.0 -30.0 -0.17  0.36 -0.40  0.52
-1.05  0.11 -0.01  0.14 -0.32  0.17 -0.20  0.28 -0.39  0.09
-2.17  0.12 -30.0 -30.0  0.28  0.33  0.09  0.17  0.11  0.20
-0.73  0.11 -0.01  0.15  0.01  0.13  0.39  0.14 -0.06  0.09
-1.19  0.12  0.00  0.68  0.44  0.15  0.25  0.25 -0.12  0.17
-0.72  0.11 -0.11  0.17 -0.05  0.15 -0.19  0.17 -0.21  0.10
-0.70  0.12 -0.05  0.72 -30.0 -30.0 -0.22  0.35 -0.04  0.25
-0.73  0.11  0.51  0.17  0.04  0.18  0.14  0.30 -0.20  0.12
-1.13  0.13  1.07  0.61  0.83  0.33  0.61  0.36 -0.11  0.32
-1.01  0.11  0.24  0.18  0.06  0.17 -0.02  0.33 -0.13  0.11
-0.78  0.11 -0.12  0.28 -0.30  0.15 -0.53  0.15 -0.52  0.09
-2.13  0.12 -30.0 -30.0  0.19  0.48 -0.02  0.33  0.29  0.18
-1.08  0.12  0.33  0.51  0.25  0.31 -0.37  0.51 -0.27  0.30
-1.15  0.11  0.15  0.18 -0.27  0.20  0.07  0.18 -0.02  0.09
-0.67  0.12 -0.34  0.93 -0.20  0.15 -0.36  0.38 -30.0 -30.0
-0.88  0.12  0.30  0.31 -30.0 -30.0  0.33  0.35 -0.20  0.14
-1.28  0.15  0.75  0.53  0.86  0.23  0.44  0.49 -0.40  0.59
-2.14  0.16 -30.0 -30.0  0.99  0.27  0.43  0.88  0.44  0.46
-0.87  0.12  0.47  0.39  0.40  0.21  0.39  0.42 -0.15  0.22
-0.76  0.13  0.46  0.42 -30.0 -30.0  0.76  0.46 -30.0 -30.0
-0.82  0.11  0.03  0.17 -0.09  0.15 -0.11  0.14 -0.45  0.10
-1.16  0.11  0.38  0.26  0.11  0.14  0.34  0.25 -0.15  0.11
-1.13  0.12  0.01  0.35 -0.14  0.26  0.02  0.28 -0.10  0.10
-1.04  0.11 -0.53  0.44 -0.58  0.20 -0.37  0.18 -0.37  0.13
-1.23  0.12  0.46  0.35  0.50  0.19  0.19  0.95  0.30  0.14
-1.11  0.12 -0.10  0.41  0.36  0.20  0.04  0.35 -0.18  0.45
-0.94  0.12  0.40  0.26  0.04  0.41  0.24  0.23 -0.23  0.23
-0.95  0.11  0.10  0.12  0.00  0.14 -0.13  0.14 -0.20  0.09
-1.06  0.12 -0.20  0.26 -0.18  0.33 -0.46  0.31 -0.22  0.11
-1.70  0.11  0.16  0.21 -0.06  0.16 -0.10  0.15 -0.10  0.08
-0.88  0.11 -0.08  0.34 -0.55  0.25  0.01  0.25 -0.26  0.51
-0.91  0.12  0.94  0.36  0.83  0.20 -30.0 -30.0  0.07  0.26
-0.99  0.12  0.50  0.48 -0.42  0.52  0.56  0.38 -0.59  0.43
-0.76  0.13 -30.0 -30.0  0.29  0.30  0.44  0.41 -0.40  0.36
-2.36  0.13 -30.0 -30.0  0.71  0.21  0.53  0.20  0.40  0.22
-1.05  0.11  0.15  0.20  0.11  0.15 -0.03  0.20  0.01  0.13
-0.70  0.13  0.25  0.62  0.10  0.34  0.84  0.58 -0.25  0.40
-0.98  0.11  0.10  0.27  0.06  0.21  0.00  0.40 -0.28  0.13
-0.90  0.13 -30.0 -30.0  0.25  0.42 -0.27  0.78 -0.62  0.97
-1.62  0.11 -0.04  0.38  0.20  0.33  0.20  0.15  0.10  0.09
-0.74  0.11 -30.0 -30.0  0.36  0.16  0.15  0.17  0.06  0.10
-1.04  0.12 -30.0 -30.0 -30.0 -30.0  0.94  0.33 -0.59  0.37
-0.57  0.11 -0.18  0.16 -0.36  0.15 -0.38  0.14 -0.37  0.09
-0.77  0.11 -0.11  0.11 -0.29  0.15 -0.68  0.18 -0.45  0.09
-0.69  0.11 -0.06  0.17  0.07  0.14 -0.03  0.17 -0.12  0.09
-1.10  0.11 -0.03  0.17 -0.07  0.16 -0.47  0.16 -0.33  0.09
-0.77  0.11 -0.10  0.23  0.15  0.13 -0.21  0.17 -0.17  0.09
-1.04  0.11 -0.04  0.23 -0.07  0.17 -0.22  0.34 -0.22  0.13
-1.02  0.11  0.05  0.35 -0.17  0.21  0.12  0.23 -0.11  0.10
-0.75  0.11  0.04  0.97  0.34  0.21  0.06  0.16 -0.09  0.12
-0.96  0.13 -30.0 -30.0  0.37  0.29  0.86  0.29 -0.16  0.32
-0.99  0.14 -30.0 -30.0  0.14  0.39  0.97  0.38 -0.04  0.39
-0.55  0.11 -0.24  0.17 -0.21  0.14 -0.24  0.14 -0.21  0.09
-0.99  0.11 -0.29  0.37  0.07  0.20 -0.14  0.19 -0.16  0.11
-0.26  0.11 -0.16  0.33  0.00  0.13  0.02  0.26 -0.11  0.09
-1.17  0.12  0.00  0.59  0.16  0.14  0.13  0.24  0.05  0.13
-1.27  0.12  0.07  0.38  0.45  0.24 -0.14  0.40  0.11  0.30
-1.09  0.11 -0.14  0.37 -0.01  0.18  0.11  0.33 -0.29  0.11
-0.28  0.12  0.20  0.46 -0.11  0.31 -0.54  0.48 -0.35  0.24
-2.67  0.34 -30.0 -30.0 -30.0 -30.0  0.97  0.36 -30.0 -30.0
-0.97  0.11 -0.35  0.21 -30.0 -30.0 -0.50  0.14 -0.48  0.09
-1.05  0.11 -0.09  0.20 -0.18  0.16 -0.19  0.17 -0.44  0.09
-0.62  0.12  0.63  0.35  0.30  0.16  0.25  0.34 -0.31  0.24
-1.00  0.11 -0.14  0.37  0.10  0.31  0.12  0.25 -0.18  0.12
-0.99  0.11 -0.21  0.11 -0.27  0.16 -0.41  0.17 -0.48  0.09
-1.14  0.11  0.14  0.28  0.27  0.16  0.24  0.16 -0.04  0.11
-0.72  0.12 -0.11  0.56 -0.22  0.34 -0.21  0.53  0.26  0.22
-1.21  0.14 -30.0 -30.0  0.75  0.27 -30.0 -30.0  0.20  0.48
-1.10  0.13 -30.0 -30.0 -0.24  0.55  0.46  0.53 -0.73  0.49
-1.17  0.14 -30.0 -30.0 -0.30  0.37 -30.0 -30.0  0.34  0.35
-0.68  0.11  0.09  0.20  0.02  0.17  0.30  0.46  0.02  0.11
-1.24  0.13 -30.0 -30.0  0.05  0.35 -0.62  0.25 -30.0 -30.0
-0.89  0.13 -0.16  0.89  0.79  0.30  0.36  0.55 -0.60  0.50
-0.76  0.12  0.48  0.43  0.20  0.79  0.19  0.32 -0.07  0.24
-1.28  0.15  0.76  0.63  0.19  0.21  0.39  0.43 -30.0 -30.0
-1.15  0.12 -30.0 -30.0  0.33  0.17  0.01  0.24 -0.47  0.25
-1.09  0.11 -0.07  0.21  0.10  0.11 -0.26  0.14 -0.36  0.09
-1.23  0.16 -30.0 -30.0  0.52  0.40 -0.14  0.63 -30.0 -30.0
-0.88  0.11 -0.07  0.19  0.00  0.14  0.10  0.17 -0.19  0.09
-1.02  0.11 -0.02  0.24 -0.13  0.23  0.12  0.22 -0.52  0.13
-0.68  0.11 -0.06  0.33 -0.37  0.15 -0.51  0.17 -0.30  0.09
-0.91  0.12 -30.0 -30.0 -0.11  0.30 -0.71  0.57 -0.52  0.14
-0.95  0.11  0.20  0.15  0.10  0.14  0.06  0.13 -0.32  0.09
-0.87  0.11  0.00  0.67  0.02  0.13  0.18  0.16 -0.18  0.09
-0.95  0.13  0.57  0.52  0.32  0.65 -0.33  0.53  0.37  0.24
-1.10  0.11  0.10  0.12  0.33  0.15  0.30  0.16 -0.11  0.12
-1.05  0.11 -0.23  0.15 -0.33  0.19 -0.06  0.25 -0.40  0.10
-0.88  0.11  0.25  0.18  0.09  0.16  0.08  0.13 -0.24  0.10
-1.06  0.11  0.10  0.13 -0.06  0.17 -0.02  0.26 -0.05  0.11
-1.06  0.11 -0.17  0.45 -30.0 -30.0 -0.07  0.21 -0.53  0.15
-0.77  0.11 -0.21  0.19  0.09  0.23 -0.12  0.23 -0.31  0.09
-1.12  0.12  0.28  0.36  0.65  0.16  0.54  0.23  0.18  0.15
-0.75  0.12  0.08  0.31 -0.03  0.17  0.44  0.28  0.00  0.52
-0.96  0.11 -0.39  0.71 -0.35  0.20 -0.02  0.19 -0.40  0.09
-1.02  0.12 -0.24  0.34  0.13  0.18 -30.0 -30.0 -0.36  0.56
-1.72  0.12  0.59  0.35  0.22  0.24  0.13  0.30 -0.26  0.28
-1.31  0.14 -30.0 -30.0  0.49  0.29  0.79  0.41 -0.12  0.40
-0.59  0.12  0.06  0.49 -30.0 -30.0  0.93  0.38 -30.0 -30.0
-0.84  0.12 -0.13  0.62  0.02  0.21 -0.57  0.54 -0.17  0.15
-0.90  0.12 -30.0 -30.0  0.28  0.27  0.15  0.49 -0.23  0.31
-0.90  0.13 -30.0 -30.0 -0.27  0.52 -0.58  0.85 -0.20  0.52
-2.15  0.30 -30.0 -30.0 -30.0 -30.0 -30.0 -30.0 -30.0 -30.0
-1.21  0.11 -0.10  0.13 -0.15  0.17 -0.05  0.19 -0.29  0.11
-0.84  0.11 -0.12  0.23  0.02  0.16 -0.35  0.21 -0.16  0.11
-0.59  0.11  0.06  0.28  0.53  0.17 -0.54  0.23 -0.27  0.15
-0.67  0.11 -0.08  0.18 -0.01  0.14  0.04  0.16 -0.18  0.09
-0.96  0.11  0.23  0.22 -0.49  0.25 -0.10  0.16 -0.46  0.13
-1.12  0.11  0.05  0.23 -0.27  0.16 -0.03  0.12 -0.23  0.09
-1.08  0.11 -0.14  0.16 -0.15  0.15 -0.50  0.13 -0.44  0.09
-1.03  0.11 -0.17  0.89  0.00  0.19 -0.01  0.16 -0.36  0.10
-0.90  0.11 -30.0 -30.0 -0.20  0.14 -0.34  0.26 -0.26  0.13
-1.01  0.11 -0.57  0.53  0.21  0.16  0.37  0.19 -0.52  0.14
-1.46  0.11 -0.10  0.34 -0.02  0.12 -0.20  0.15 -0.34  0.10
-0.70  0.12  0.20  0.25  0.49  0.16 -0.16  0.29  0.08  0.26
-1.09  0.12 -0.02  0.40 -30.0 -30.0 -30.0 -30.0 -0.40  0.39
-1.05  0.11  0.31  0.35 -0.38  0.27 -0.10  0.18 -0.40  0.11
-0.65  0.11 -0.22  0.22 -0.54  0.18 -0.73  0.19 -0.58  0.09
-0.93  0.11 -0.13  0.34  0.10  0.21 -0.17  0.29 -0.09  0.14
-2.12  0.17 -30.0 -30.0 -30.0 -30.0 -0.25  0.44  0.63  0.29
-0.96  0.11 -0.32  0.22 -30.0 -30.0 -0.10  0.21 -0.42  0.09
-1.03  0.11  0.47  0.22  0.29  0.12  0.10  0.25 -0.10  0.11
-0.66  0.11 -0.25  0.16 -0.43  0.16 -0.43  0.14 -0.38  0.09
-0.58  0.12 -30.0 -30.0 -0.02  0.16 -0.52  0.39 -0.39  0.29
-1.04  0.11  0.46  0.30 -0.18  0.19  0.27  0.20 -0.33  0.11
-0.84  0.11 -30.0 -30.0 -0.20  0.22  0.03  0.34 -0.32  0.19
-0.76  0.11  0.45  0.24  0.13  0.18  0.06  0.26 -0.02  0.11
-0.56  0.11 -0.27  0.18  0.11  0.13 -0.05  0.14 -0.15  0.09
-1.11  0.11  0.01  0.22  0.08  0.12  0.12  0.25 -0.29  0.11
-0.79  0.11 -0.44  0.38  0.13  0.17  0.49  0.25 -0.02  0.29
-1.41  0.11 -0.52  0.94 -0.09  0.20  0.03  0.17 -0.11  0.13
-0.95  0.11 -0.06  0.69 -0.32  0.16 -0.10  0.33 -0.20  0.10
-0.85  0.11  0.27  0.21  0.40  0.16  0.58  0.39 -0.06  0.14
-2.13  0.16 -30.0 -30.0  0.44  0.38  0.51  0.40  0.61  0.25
-1.03  0.12  0.22  0.37 -0.21  0.24  0.01  0.27  0.08  0.13
-0.81  0.11  0.30  0.19  0.27  0.16  0.06  0.30 -0.07  0.11
-0.99  0.11 -0.13  0.17 -0.40  0.16 -0.48  0.18 -0.48  0.09
-0.88  0.12 -0.70  0.92  0.20  0.24 -0.24  0.35 -0.30  0.20
-0.76  0.11 -0.06  0.26  0.10  0.18  0.16  0.23 -0.13  0.11
-1.02  0.11  0.15  0.17  0.20  0.12 -0.26  0.18 -0.26  0.10
-1.04  0.14 -30.0 -30.0  0.60  0.35  0.48  0.40  0.51  0.27
-0.46  0.12 -30.0 -30.0  0.06  0.31 -0.45  0.75  0.10  0.20
-0.78  0.12  0.59  0.39 -0.25  0.34 -0.09  0.37  0.02  0.28
-1.20  0.13  0.43  0.51  0.85  0.25 -0.64  0.76  0.30  0.23
-0.59  0.11  0.13  0.19 -0.16  0.16  0.01  0.26 -0.33  0.11
-0.65  0.12 -0.29  0.71 -0.59  0.71 -30.0 -30.0 -30.0 -30.0
-2.29  0.21 -30.0 -30.0  1.19  0.42  0.86  0.45  0.67  0.27
-0.69  0.11 -0.14  0.23  0.15  0.17  0.14  0.19  0.07  0.10
-0.98  0.11  0.33  0.18  0.34  0.15  0.54  0.27 -0.31  0.13
-1.42  0.13  0.75  0.54 -0.48  0.81  1.10  0.34 -0.22  0.38
-1.09  0.11  0.24  0.54 -0.54  0.31  0.09  0.18 -0.39  0.12
-0.63  0.11 -0.13  0.26 -0.41  0.18 -0.06  0.27 -0.33  0.10
-1.14  0.15  0.80  0.66  0.04  0.87 -0.20  0.68 -0.20  0.29
-0.76  0.11 -0.08  0.32 -0.13  0.15  0.04  0.19 -0.16  0.09