  -2.510000E+00   7.000000E-02   1.000000E-02   9.596000E+01   9.490000E+01   4.800000E-01   5.700000E-01   1.100000E-01   7.700000E-01  -6.000000E-02  -1.700000E-01   7.900000E-01  -4.800000E-01  -2.700000E-01   6.000000E-02   9.822000E+01   4.700000E-01  -8.000000E-02  -7.000000E-02   2.000000E-01   3.300000E-01   1.013100E+02   1.009900E+02   1.018900E+02   9.398000E+01   9.372000E+01  -4.700000E-01
  -2.410000E+00   2.700000E-01  -9.000000E-02   9.586000E+01   9.480000E+01   3.900000E-01   2.800000E-01   1.200000E-01   5.400000E-01   2.000000E-02  -2.500000E-01   6.300000E-01  -6.100000E-01  -2.600000E-01   2.000000E-01   9.812000E+01   3.300000E-01  -2.600000E-01  -4.300000E-01  -5.000000E-02   1.400000E-01   1.012100E+02   1.008900E+02   2.400000E-01   9.388000E+01   9.362000E+01  -4.800000E-01
  -2.640000E+00  -3.000000E-02   4.000000E-02   9.609000E+01   9.503000E+01   4.800000E-01   4.400000E-01   3.000000E-01   6.500000E-01   3.500000E-01  -1.700000E-01   6.700000E-01  -3.100000E-01   1.000000E-01   4.000000E-02   9.835000E+01   4.300000E-01  -2.300000E-01  -2.100000E-01  -8.881784E-16   3.600000E-01   1.014400E+02   1.011200E+02   4.700000E-01   9.411000E+01   9.385000E+01  -4.400000E-01
  -2.810000E+00  -8.200000E-01   4.800000E-01   9.626000E+01   9.520000E+01  -3.000000E-02  -1.000000E-02   6.500000E-01   2.900000E-01   7.200000E-01  -8.200000E-01   9.707000E+01  -7.200000E-01   9.772000E+01   3.600000E-01   9.852000E+01   9.815000E+01  -1.560000E+00   1.005000E+02   1.001200E+02  -1.070000E+00   1.016100E+02   1.012900E+02   1.228000E+01   9.428000E+01   9.402000E+01   5.100000E-01
  -2.150000E+00  -1.180000E+00  -3.600000E-01   9.560000E+01   9.454000E+01  -1.000000E-02  -2.000000E-01  -8.000000E-02   4.000000E-02  -2.600000E-01  -4.700000E-01   7.000000E-02  -9.800000E-01   9.706000E+01   1.800000E-01   9.786000E+01   9.749000E+01   9.918000E+01   9.984000E+01   9.946000E+01  -1.130000E+00   1.009500E+02   1.006300E+02   1.300000E-01   9.362000E+01   9.336000E+01  -3.500000E-01
  -2.860000E+00  -4.500000E-01   2.200000E-01   9.631000E+01   9.525000E+01   1.800000E-01   1.000000E-01   1.100000E-01   3.900000E-01   9.883000E+01  -3.400000E-01   6.900000E-01  -3.300000E-01  -2.600000E-01   3.500000E-01   9.857000E+01   9.820000E+01  -1.210000E+00   1.005500E+02   1.001700E+02  -9.800000E-01   1.016600E+02   1.013400E+02   1.022400E+02   9.433000E+01   9.407000E+01   4.000000E-02
  -1.530000E+00  -2.500000E-01   1.900000E-01   9.498000E+01   8.100000E-01   1.600000E-01   6.000000E-02   2.300000E-01   1.800000E-01   1.000000E-02   8.881784E-16   3.000000E-01  -2.700000E-01  -1.300000E-01  -7.000000E-02  -4.700000E-01   1.600000E-01   9.856000E+01  -3.200000E-01   9.884000E+01   1.600000E-01   4.800000E-01   6.300000E-01   4.700000E-01   9.300000E+01   4.000000E-01   3.000000E-02
  -1.750000E+00   9.541000E+01   2.700000E-01   9.520000E+01   6.000000E-01   1.000000E-01  -8.000000E-02  -2.000000E-02   3.000000E-02   2.100000E-01  -9.000000E-02   4.000000E-02  -3.400000E-01  -2.700000E-01  -8.000000E-02   9.746000E+01  -1.700000E-01   9.878000E+01  -4.600000E-01   9.906000E+01   9.000000E-02   5.500000E-01   5.200000E-01   1.011300E+02   9.322000E+01   4.100000E-01   1.700000E-01
  -1.300000E+00   9.496000E+01  -5.000000E-01   9.475000E+01   1.300000E-01  -1.700000E-01  -7.400000E-01  -4.200000E-01  -2.900000E-01  -6.700000E-01  -2.000000E-01  -1.000000E-02  -5.100000E-01   9.621000E+01  -4.600000E-01   9.701000E+01  -8.300000E-01   9.833000E+01  -1.370000E+00   9.861000E+01  -6.400000E-01   1.001000E+02  -5.600000E-01   1.006800E+02   9.277000E+01   9.251000E+01  -3.300000E-01
  -1.350000E+00  -2.200000E-01   1.300000E-01   9.480000E+01   2.300000E-01   1.100000E-01  -3.000000E-02   2.000000E-02  -1.000000E-02   2.000000E-02  -2.300000E-01  -2.000000E-02  -3.000000E-01  -2.600000E-01  -4.000000E-02  -8.000000E-01  -5.000000E-02   9.838000E+01  -6.300000E-01   9.866000E+01  -6.100000E-01   2.200000E-01   2.600000E-01   1.007300E+02   9.282000E+01   9.256000E+01   2.000000E-02
  -1.680000E+00   4.000000E-02   4.200000E-01   9.513000E+01   4.500000E-01   2.400000E-01   1.500000E-01   2.700000E-01   1.300000E-01   4.100000E-01   8.000000E-02  -2.700000E-01   2.000000E-02   2.000000E-02   3.000000E-02  -5.500000E-01   9.702000E+01   9.871000E+01  -2.700000E-01   9.899000E+01  -1.700000E-01   1.004800E+02   2.700000E-01   1.010600E+02   9.315000E+01   9.289000E+01   1.800000E-01
  -1.300000E+00  -2.500000E-01   9.000000E-02   9.475000E+01   6.000000E-02  -6.000000E-02  -2.400000E-01   2.700000E-01   1.100000E-01   9.000000E-02   2.500000E-01  -3.600000E-01  -5.100000E-01  -1.000000E-02  -1.000000E-01   9.701000E+01  -4.600000E-01   9.833000E+01  -3.200000E-01   9.861000E+01  -1.500000E-01   1.001000E+02   1.100000E-01   3.300000E-01   9.277000E+01   9.251000E+01   1.500000E-01
