    1     2    3     4    5     6    7     8    9    10   11    12   13    14   15    16   17     18  19    20   21    22   23    24   25    26   27    28   29    30   31    32   33    34   35    36   37    38   39    40   41    42   43    44   45    46   47    48   49    50   51    52   53    54   55  
abus   fe1 sfe1   fe2 sfe2   na1 sna1   mg1 smg1   al1 sal1   si1 ssi1   ca1 sca1   sc2 ssc2   ti1 sti1   ti2 sti2    v1  sv1   cr1 scr1   cr2 scr2   mn1 smn1   co1 sco1   ni1 sni1   cu1 scu1   zn1 szn1   sr1 ssr1    y1  sy1   zr2 szr2   ba2 sba2   la2 sla2   nd2 snd2   eu2 seu2   chi schi    oi  soi    
sun   7.50 0.00  7.50 0.00  6.24 0.00  7.60 0.00  6.45 0.00  7.51 0.00  6.34 0.00  3.15 0.00  4.95 0.00  4.95 0.00  3.93 0.00  5.64 0.00  5.64 0.00  5.43 0.00  4.99 0.00  6.22 0.00  4.19 0.00  4.56 0.00  2.87 0.00  2.21 0.00  2.59 0.00  2.18 0.00  1.10 0.00  1.42 0.00  0.52 0.00  8.43 0.00  8.69 0.00    Asp09
6022  4.99 0.02  5.39 0.05  3.80 0.10  5.10 0.20  99.9 9.99  99.9 9.99  4.31 0.04  1.21 0.05  2.55 0.05  3.21 0.05  1.36 0.16  2.96 0.06  3.92 0.16  2.44 0.07  2.21 0.09  3.77 0.03  99.9 9.99  2.52 0.16  0.28 0.16 -0.37 0.23  0.28 0.23  0.00 0.12  99.9 9.99  99.9 9.99  99.9 9.99  99.9 9.99  99.9 9.99
6023  5.09 0.03  5.35 0.05  4.10 0.10  5.10 0.20  99.9 9.99  99.9 9.99  4.32 0.04  1.02 0.10  2.66 0.04  3.08 0.05  1.54 0.17  2.98 0.09  3.86 0.17  2.41 0.12  2.32 0.06  4.01 0.10  99.9 9.99  2.48 0.17  0.20 0.17 -0.63 0.17  0.13 0.24 -0.09 0.12  99.9 9.99  99.9 9.99 -1.65 0.17  99.9 9.99  99.9 9.99 
6024  4.86 0.03  5.25 0.06  3.57 0.10  5.00 0.20  99.9 9.99  99.9 9.99  4.18 0.05  0.95 0.06  2.61 0.07  2.96 0.05  1.64 0.17  2.83 0.08  3.67 0.17  2.48 0.10  2.45 0.10  3.62 0.14  99.9 9.99  2.35 0.24  0.00 0.17 -0.64 0.17 -0.05 0.24 -0.10 0.12  99.9 9.99  99.9 0.24 -1.65 0.17  99.9 9.99  99.9 9.99
1087  4.69 0.06  4.70 0.07  2.61 0.24  5.27 0.34  99.9 9.99  99.9 9.99  3.50 0.20  0.33 0.15  2.79 0.17  2.43 0.07  1.84 0.34  2.01 0.17  99.9 9.99  1.90 0.24  99.9 9.99  3.77 0.34  99.9 9.99  99.9 9.99 -1.50 0.24  99.9 9.99  99.9 9.99 -1.70 0.34  99.9 9.99  99.9 9.99  9.99 0.34  99.9 9.99  99.9 9.99 
5070  5.35 0.05  5.21 0.10  2.91 0.38  5.09 0.38  99.9 9.99  99.9 9.99  4.18 0.10  0.80 0.24  2.72 0.15  2.84 0.07  1.52 0.38  3.02 0.08  3.56 0.38  2.30 0.18  99.9 9.99  4.25 0.13  99.9 9.99  99.9 9.99  99.9 9.99  99.9 9.99  99.9 9.99 -1.10 0.27  99.9 9.99  99.9 9.99 -1.50 0.38  99.9 9.99  99.9 9.99
7002  4.64 0.05  4.84 0.14  2.93 0.23  4.96 0.23  99.9 9.99  99.9 9.99  3.66 0.10  0.39 0.15  2.20 0.18  2.48 0.08  99.9 9.99  2.44 0.16  3.47 0.32  2.24 0.23  1.87 0.23  3.71 0.18  99.9 9.99  99.9 9.99 -1.20 0.32  99.9 9.99  99.9 9.99 -1.66 0.18  99.9 9.99  99.9 9.99  99.9 9.99  99.9 9.99  99.9 9.99
0484  5.97 0.02  6.04 0.04  4.46 0.21  6.26 0.15  99.9 9.99  6.79 0.21  4.97 0.04  1.68 0.04  3.65 0.04  3.60 0.05  2.41 0.03  4.11 0.12  4.41 0.15  3.63 0.05  3.33 0.21  4.62 0.04  2.19 0.21  3.19 0.21  99.9 9.99  0.36 0.12  99.9 9.99  0.81 0.26  0.05 0.12  0.52 0.15 -0.54 0.21  99.9 9.99  7.56 0.21
0524  5.75 0.02  5.84 0.03  99.9 9.99  6.12 0.15  99.9 9.99  6.36 0.15  4.69 0.04  1.32 0.04  3.18 0.03  3.23 0.06  2.39 0.15  3.80 0.10  3.93 0.21  3.34 0.10  2.97 0.21  4.39 0.04  99.9 9.99  2.64 0.21  99.9 9.99  0.00 0.12  99.9 9.99  0.52 0.22 -0.10 0.15  0.19 0.15  99.9 9.99  99.9 9.99  7.35 0.21
0612  6.20 0.02  6.32 0.05  99.9 9.99  5.80 0.16  99.9 9.99  6.34 0.23  4.87 0.04  1.11 0.07  3.23 0.04  3.36 0.05  1.96 0.23  4.14 0.12  4.33 0.23  3.62 0.10  99.9 9.99  4.46 0.04  99.9 9.99  2.43 0.23  99.9 9.99 -0.46 0.16  99.9 9.99  0.24 0.16  99.9 9.99 -0.44 0.23  99.9 9.99  99.9 9.99  99.9 9.99
0705  6.15 0.02  6.17 0.06  4.67 0.25  6.38 0.18  99.9 9.99  6.39 0.25  5.10 0.04  1.77 0.05  3.62 0.05  3.59 0.06  2.60 0.06  4.06 0.12  4.27 0.25  3.78 0.07  3.38 0.25  4.83 0.04  2.04 0.25  3.16 0.25  99.9 9.99  0.23 0.18  99.9 9.99  0.22 0.14 -0.03 0.07  0.33 0.18  99.9 9.99  99.9 9.99  99.9 9.99  
0769  5.82 0.02  5.88 0.05  4.60 0.25  6.34 0.18  99.9 9.99  6.28 0.18  4.90 0.06  1.62 0.06  3.54 0.05  3.40 0.06  2.66 0.11  4.04 0.12  3.69 0.18  3.77 0.11  3.33 0.25  4.57 0.04  1.96 0.25  99.9 9.99  99.9 9.99  0.26 0.14  99.9 9.99  0.33 0.14  99.9 9.99  0.01 0.18  99.9 9.99  99.9 9.99  99.9 9.99
1013  6.20 0.03  5.96 0.06  4.69 0.37  6.39 0.26  99.9 9.99  6.27 0.26  4.98 0.05  1.61 0.07  3.92 0.06  3.76 0.09  2.72 0.08  4.59 0.21  3.98 0.26  3.62 0.17  3.68 0.26  4.82 0.06  99.9 9.99  2.80 0.37  99.9 9.99  0.59 0.21  99.9 9.99  0.73 0.26  99.9 9.99  0.23 0.26 -0.45 0.37  99.9 9.99  99.9 9.99
abus   fe1 sfe1   fe2 sfe2   na1 sna1   mg1 smg1   al1 sal1   si1 ssi1   ca1 sca1   sc2 ssc2   ti1 sti1   ti2 sti2    v1  sv1   cr1 scr1   cr2 scr2   mn1 smn1   co1 sco1   ni1 sni1   cu1 scu1   zn1 szn1   sr1 ssr1    y1  sy1   zr2 szr2   ba2 sba2   la2 sla2   nd2 snd2   eu2 seu2   chi schi    oi  soi    

Upper Limits
abus   fe1    o1   si1   la2   cr2   co1   cu1   zn1    y2   zr2   nd2  eu2    na1  euR    niR  baR   
6022  4.99  7.54  6.22 -0.04 99.99 99.99 99.99 99.99 99.99 99.99 99.99 99.99 99.99 49.99  3.77  0.00  
6023  5.09  7.61  6.25  0.05 99.99 99.99 99.99 99.99 99.99 99.99 99.99 99.99 99.99 -1.65  4.03 -0.09  
6024  4.86  7.59  6.23  0.02 99.99 99.99 99.99 99.99 99.99 99.99 -0.50 99.99 99.99 -1.65  3.62 -0.10 
1087  4.69  7.43  6.40  0.06  3.47  3.29  1.75  2.41 -0.65  0.02  0.06 99.99 99.99 49.99  3.77 -1.70
5070  5.35  7.44  6.37  0.10 99.99  3.15  1.61  2.42 -0.63  0.03 -0.39 99.99 99.99 -1.50  4.25 -1.09 
7002  4.64  7.44  6.41 -0.01 99.99 99.99  1.72  2.47 -0.77  0.09 -0.35 -0.44 99.99 49.99  3.71 -1.66 
0484  5.97 99.99 99.99 99.99 99.99 99.99 99.99 99.99 99.99 99.99 99.99 99.99 99.99 -0.54  4.62  0.81 
0524  5.75 99.99 99.99 99.99 99.99 99.99  1.59 99.99 99.99 99.99 99.99 -0.60  4.23 49.99  4.39  0.52  
0612  6.20  7.48 99.99 -0.09 99.99  2.83  1.29 99.99 99.99 99.99 99.99 -0.52  4.22 49.99  4.46  0.24  
0705  6.15  7.46 99.99 -0.10 99.99 99.99 99.99 99.99 99.99 99.99 99.99 -0.52 99.99 49.99  4.83  0.22 
0769  5.82 99.99 99.99 99.99 99.99 99.99 99.99 99.99 99.99 99.99 99.99 -0.53 99.99 49.99  4.57  0.33  
1013  6.20  7.47 99.99 -0.06 99.99 99.99  2.83 99.99 99.99 99.99 99.99 99.99 99.99 -0.45  4.82  0.73  

Lower limits with Eu
abus  fe1   euL   baR   laR    yR
7002 4.64 -0.44 -1.66 59.99 69.99
524  5.75 -0.60  0.52 -0.10  0.00
612  6.20 -0.52  0.24 59.99 -0.46
705  6.15 -0.52  0.22 59.99  0.23
769  5.82 -0.53  0.33 59.99  0.26

Testing  adding in more FeI 
   1     2    3     4    5     6    7     8    9    10   11    12   13    14   15    16   17     18  19    20   21    22   23    24   25    26   27    28   29    30   31    32   33    34   35    36   37    38   39    40   41    42   43    44   45    46   47    48   49    50   51    52   53    54   55  
abus   fe1 sfe1   fe2 sfe2   na1 sna1   mg1 smg1   al1 sal1   si1 ssi1   ca1 sca1   sc2 ssc2   ti1 sti1   ti2 sti2    v1  sv1   cr1 scr1   cr2 scr2   mn1 smn1   co1 sco1   ni1 sni1   cu1 scu1   zn1 szn1   sr1 ssr1    y1  sy1   zr2 szr2   ba2 sba2   la2 sla2   nd2 snd2   eu2 seu2   chi schi    oi  soi    
sun   7.52 0.00  7.52 0.00  6.33 0.00  7.58 0.00  6.47 0.00  7.55 0.00  6.36 0.00  3.10 0.00  4.99 0.00  4.99 0.00  4.00 0.00  5.67 0.00  5.67 0.00  5.39 0.00  4.92 0.00  6.25 0.00  4.21 0.00  4.60 0.00  2.90 0.00  2.24 0.00  2.60 0.00  2.13 0.00  1.22 0.00  1.50 0.00  0.51 0.00  6.47 0.00  8.93 0.00  KV_old
sun   7.50 0.00  7.50 0.00  6.24 0.00  7.60 0.00  6.45 0.00  7.51 0.00  6.34 0.00  3.15 0.00  4.95 0.00  4.95 0.00  3.93 0.00  5.64 0.00  5.64 0.00  5.43 0.00  4.99 0.00  6.22 0.00  4.19 0.00  4.56 0.00  2.87 0.00  2.21 0.00  2.59 0.00  2.18 0.00  1.10 0.00  1.42 0.00  0.52 0.00  8.43 0.00  8.69 0.00  Asp09  
5070  4.85 0.05  5.21 0.11  3.41 0.38  5.09 0.38  99.9 9.99  99.9 9.99  4.18 0.11  0.80 0.26  2.72 0.17  2.84 0.07  1.52 0.38  3.02 0.09  3.56 0.38  1.97 0.19  99.9 9.99  4.25 0.14  99.9 9.99  99.9 9.99  99.9 9.99  99.9 9.99  99.9 9.99 -1.10 0.27  99.9 9.99  99.9 9.99 -1.50 0.38  99.9 9.99  99.9 9.99    Fe-0.5
0612  5.70 0.02  6.32 0.05  99.9 9.99  5.80 0.16  99.9 9.99  6.34 0.23  4.87 0.04  1.11 0.07  3.23 0.04  3.36 0.05  1.96 0.23  4.14 0.12  4.33 0.23  3.62 0.11  99.9 9.99  4.46 0.04  99.9 9.99  2.43 0.23  99.9 9.99 -0.46 0.16  99.9 9.99  0.24 0.16  99.9 9.99 -0.44 0.23  99.9 9.99  99.9 9.99  99.9 9.99    Fe-0.5
0612  5.20 0.02  6.32 0.05  99.9 9.99  5.80 0.16  99.9 9.99  6.34 0.23  4.87 0.04  1.11 0.07  3.23 0.04  3.36 0.05  1.96 0.23  4.14 0.12  4.33 0.23  3.62 0.11  99.9 9.99  4.46 0.04  99.9 9.99  2.43 0.23  99.9 9.99 -0.46 0.16  99.9 9.99  0.24 0.16  99.9 9.99 -0.44 0.23  99.9 9.99  99.9 9.99  99.9 9.99    Fe-1.0
0612  4.70 0.02  6.32 0.05  99.9 9.99  5.80 0.16  99.9 9.99  6.34 0.23  4.87 0.04  1.11 0.07  3.23 0.04  3.36 0.05  1.96 0.23  4.14 0.12  4.33 0.23  3.62 0.11  99.9 9.99  4.46 0.04  99.9 9.99  2.43 0.23  99.9 9.99 -0.46 0.16  99.9 9.99  0.24 0.16  99.9 9.99 -0.44 0.23  99.9 9.99  99.9 9.99  99.9 9.99    Fe-1.5

Testing FeI upper limits
5070  4.85  7.44  6.37  0.10 99.99  3.15  1.61  2.42 -0.63  0.03 -0.39 99.99 99.99 -1.50  4.25 -1.09    FeI-0.5
0612  5.70  7.48 99.99 -0.09 99.99  2.83  1.29 99.99 99.99 99.99 99.99 -0.52  4.22 49.99  4.46  0.24    FeI-0.5
0612  5.20  7.48 99.99 -0.09 99.99  2.83  1.29 99.99 99.99 99.99 99.99 -0.52  4.22 49.99  4.46  0.24    FeI-1.0
0612  4.70  7.48 99.99 -0.09 99.99  2.83  1.29 99.99 99.99 99.99 99.99 -0.52  4.22 49.99  4.46  0.24    FeI-1.5
