-2.47 -1.84 0.63 -2.22 0.25 
-2.82 -2.19 0.63 -2.55 0.27
-2.59 -1.86 0.73 -2.27 0.32
-2.07 -1.39 0.68 -1.77 0.30
-3.06 -2.44 0.62 -2.67 0.39
-4.19 -3.56 0.63 -30.0 -30.0
-3.77 -3.34 0.43 -3.42 0.35
-3.36 -2.72 0.64 -3.08 0.28
-2.88 -2.11 0.77 -2.53 0.35
-3.04 -2.66 0.38 -2.75 0.29
-3.86 -3.39 0.47 -3.45 0.41
-3.00 -2.39 0.61 -2.65 0.35
-3.49 -3.11 0.38 -3.06 0.43
-2.99 -2.34 0.65 -2.73 0.26
-2.97 -2.14 0.83 -2.60 0.37
-3.25 -2.56 0.69 -2.96 0.29
-3.78 -3.19 0.59 -3.40 0.38
-3.29 -2.69 0.60 -2.97 0.32
-3.03 -2.52 0.51 -2.78 0.25
-2.69 -2.06 0.63 -2.50 0.19
-3.41 -2.83 0.58 -3.10 0.31
-3.14 -2.59 0.55 -2.75 0.39
-3.97 -2.42 1.55 -3.80 0.17
-3.43 -3.07 0.36 -3.13 0.30
-2.84 -2.34 0.50 -2.70 0.14
-3.33 -2.59 0.74 -3.03 0.30
-2.62 -1.89 0.73 -2.35 0.27
-3.56 -3.04 0.52 -3.35 0.21
-3.04 -2.34 0.70 -2.70 0.34
-2.82 -2.09 0.73 -2.49 0.33
-3.19 -2.52 0.67 -3.05 0.14
-3.06 -2.24 0.82 -30.0 -30.0
-2.69 -1.02 0.67 -2.45 0.24
-3.30 -2.54 0.76 -2.70 0.60
-2.91 -2.09 0.82 -2.65 0.26
-2.97 -2.61 0.36 -30.0 -30.0
-3.05 -2.46 0.59 -30.0 -30.0
-2.92 -2.52 0.40 -30.0 -30.0
-3.10 -2.47 0.63 -30.0 -30.0
-3.28 -2.54 0.74 -30.0 -30.0
-3.43 -2.86 0.57 -30.0 -30.0
-2.89 -2.24 0.65 -30.0 -30.0
-3.04 -2.42 0.62 -30.0 -30.0
-3.07 -2.57 0.50 -30.0 -30.0
-2.70 -2.14 0.56 -30.0 -30.0
-2.91 -2.25 0.66 -30.0 -30.0
-2.83 -2.22 0.61 -30.0 -30.0
-2.77 -2.27 0.50 -30.0 -30.0
-3.24 -2.64 0.60 -30.0 -30.0
-3.55 -2.72 0.83 -30.0 -30.0
-2.75 -2.25 0.50 -30.0 -30.0
-3.08 -2.54 0.54 -30.0 -30.0
-2.58 -2.14 0.44 -30.0 -30.0
