[Star/Star] [Fe/H] [FeI/H] [C/Fe] [O/Fe] [Na/Fe] [Mg/Fe] [Al/Fe] [Si/Fe] [Ca/Fe] [Sc/Fe] [Ti/Fe] [V/Fe] [Cr/Fe] [Mn/Fe] [Co/Fe] [Ni/Fe] [Cu/Fe] [Zn/Fe] [Y/Fe] [Ba/Fe] [Ce/Fe] [Nd/Fe] [Eu/Fe]
  3086      -0.23   -0.23  0.14   0.34  0.08   0.15   0.17  0.09    0.04 -0.07    0.04 -30.0 -0.04 -0.18  0.02 -0.03 -0.06  0.14 -0.16 -0.15    0.04    0.14    0.23
  3185 -0.65 -0.65  0.28  0.51  0.19  0.40  0.34  0.25  0.21  0.19  0.27  0.04  0.08 -0.19  0.12  0.04 -0.09  0.14  0.04 -0.06    0.12    0.34    0.60
  3441 -0.50 -0.50  0.35  0.56  0.06  0.32  0.24  0.18  0.10  0.24  0.19  0.06 -0.03 -0.32  0.08  0.05 -0.08  0.23  0.04 -0.09    0.18    0.26    0.42
  4039 -1.24 -1.24 -30.0  0.71  0.22  0.30 -0.12  0.15  0.29 -0.13  0.24 -30.0  0.07 -0.51  0.28 -0.08 -0.48  0.08  0.05  0.30   -30.0   -30.0    0.88
  4544 -0.87 -0.87  0.26  0.49  0.09  0.39  0.24  0.21  0.11  0.12  0.22  0.24 -0.09 -0.40  0.13 -30.0 -0.05  0.08 -0.02 -0.14   -30.0   -0.58    0.53
  5122 -0.62 -0.62  0.44  0.56  0.11  0.26  0.30  0.20  0.12  0.11  0.18  0.12 -30.0 -0.22  0.11  0.05  0.11  0.09 -0.03 -0.16   -0.02    0.20    0.40
  5315 -0.47 -0.47  0.37  0.51  0.20  0.46  0.32  0.23  0.27  0.22  0.29  0.17 -30.0 -0.18  0.12  0.03  0.14  0.23  0.07 -0.20    0.08    0.19    0.43
  5336 -0.86 -0.86  0.49  0.72  0.13  0.24  0.30  0.28  0.22  0.18  0.26  0.15 -30.0 -0.23  0.18  0.12  0.02  0.16 -0.02 -0.23    0.05    0.14    0.34
  5775 -0.59 -0.59  0.48  0.79  0.17  0.32  0.26  0.28  0.22  0.29  0.23  0.25  0.06 -0.16  0.12  0.04 -30.0  0.21  0.22  0.08    0.07   -30.0    0.43
  6159 -0.67 -0.67  0.42  0.59  0.10  0.33  0.23  0.18  0.12  0.17  0.20  0.13 -0.04 -0.26  0.06  0.04  0.03  0.08 -0.01 -0.14    0.22    0.25    0.46
  6607 -0.41 -0.41  0.26  0.48  0.08  0.18  0.19  0.19  0.09  0.22  0.18  0.03 -0.01 -0.15  0.14  0.04  0.02  0.01  0.06 -0.08    0.21    0.36    0.41
  7961 -0.64 -0.64  0.44  0.68  0.16  0.35  0.35  0.26  0.22  0.08  0.24  0.04 -0.01 -0.28  0.07  0.02 -0.20  0.10 -0.03 -0.20   -0.04    0.07    0.28
  8674 -0.60 -0.60  0.56  0.58  0.06 -30.0  0.21  0.20  0.08  0.13  0.13  0.07 -0.03 -0.24  0.08 -0.01  0.01  0.26  0.69  0.57    0.64    0.89    0.45
  9080 -0.37 -0.37  0.69  0.57 -0.01  0.14  0.13  0.15 -30.0  0.21  0.05  0.11 -0.05 -0.04  0.10  0.11  0.03  0.02 -0.28 -0.11    0.21    0.27    0.19
 10652 -0.67 -0.67 -30.0  0.70  0.07  0.24  0.25  0.16  0.13  0.19  0.13  0.02 -0.01 -0.33  0.06  0.02 -0.02  0.10 -0.07 -0.09   -0.07   -30.0    0.39
 12579 -0.80 -0.80  0.42  0.71  0.08  0.26  0.16  0.19  0.16  0.08  0.13  0.21 -0.08 -0.42  0.17 -0.05 -0.09  0.11  0.05 -0.04   -0.05    0.20    0.37
 13366 -0.70 -0.70  0.36  0.64  0.08  0.37  0.21  0.23  0.16  0.18  0.19  0.03 -0.06 -0.30  0.06 -0.01 -0.05  0.14 -0.07 -0.15   -0.10    0.18    0.29
 15405 -0.73 -0.73  0.34  0.49  0.04  0.16  0.16  0.13  0.10  0.03  0.05 -0.01 -0.05 -0.30  0.07 -0.03  0.04  0.11 -0.13 -0.12    0.16    0.08    0.24
 17147 -0.87 -0.87  0.32  0.72  0.10  0.44  0.22  0.24  0.21  0.16  0.21  0.19 -0.03 -0.39  0.11 -0.02 -0.08  0.15  0.22 -30.0    0.13    0.25    0.42
 17666 -1.03 -1.03 -30.0  0.87  0.06  0.35  0.33  0.42  0.21  0.11  0.25  0.07 -0.03 -0.29  0.22 -0.01 -0.13  0.21  0.31  0.11    0.25    0.43    0.57
 22020 -0.35 -0.35  0.27  0.51  0.10  0.24  0.25  0.19  0.11  0.12  0.17  0.06 -0.03 -0.23  0.09 -0.01  0.04  0.11 -0.13 -0.06    0.02   -30.0    0.21
 22060 -0.63 -0.63  0.52  0.63  0.19  0.28  0.25  0.21  0.11  0.20  0.19 -0.02 -0.07 -0.28  0.02 -30.0 -30.0  0.14  0.10 -0.05    0.23   -0.02    0.47
 23080 -0.32 -0.32  0.29  0.32  0.01  0.24  0.19  0.19  0.13  0.25  0.20  0.19 -0.03 -0.13  0.15  0.04  0.09  0.11  0.08 -0.06    0.24    0.16    0.40
 24030 -1.00 -1.00 -30.0  0.69  0.12  0.30  0.19  0.23  0.11  0.09  0.19  0.08 -0.05 -0.53  0.02  0.04 -0.33  0.13  0.21  0.02   -30.0   -30.0   -30.0
 25860 -0.35 -0.35  0.24  0.52  0.05  0.29  0.20  0.21  0.14  0.28  0.22  0.14  0.01 -0.20  0.16  0.04  0.10  0.17  0.07 -0.08    0.26    0.22    0.35
 26452 -0.89 -0.89  0.36  0.73  0.12  0.33  0.24  0.25  0.17  0.17  0.23  0.16 -0.03 -0.38  0.20 -0.01 -0.08  0.13  0.09 -0.20   -30.0    0.24    0.41
 26828 -0.34 -0.34  0.23  0.64  0.18  0.23  0.25  0.15  0.17  0.01  0.12  0.16 -0.07 -0.28  0.05 -0.04 -0.10  0.02 -0.13 -0.12   -30.0   -30.0    0.13
 27128 -0.81 -0.81  0.27  0.66  0.15  0.33  0.29  0.17  0.28  0.05  0.14  0.10 -0.14 -0.39  0.16 -0.02 -0.09  0.11 -0.02 -0.12   -0.01   -30.0    0.40
 29269 -0.68 -0.68  0.27  0.62  0.17  0.36  0.36  0.20  0.24 -0.02  0.23  0.11 -30.0 -0.28  0.05  0.01 -0.03  0.17 -0.14 -0.10   -0.08    0.07    0.29
 31188 -0.59 -0.59  0.15  0.30 -0.03  0.12  0.04  0.03  0.04 -0.01  0.05  0.01 -0.12 -0.15  0.03 -0.06 -0.07 -0.02 -0.06 -0.07   -0.01    0.04    0.17
 34642 -0.44 -0.44  0.18  0.44  0.04  0.10  0.21  0.11  0.04 -0.02  0.06 -0.01 -0.04 -0.27  0.02 -0.02 -0.10 -0.04 -0.16 -30.0   -0.23    0.08    0.15
 35989 -0.19 -0.19  0.04  0.21 -0.14 -0.03 -0.02  0.04 -0.03  0.03  0.04  0.14 -0.04 -0.11 -0.02 -0.03 -0.25 -0.02 -0.33 -0.21    0.18    0.01    0.13
 36849 -0.77 -0.77  0.37  0.58  0.06  0.27  0.18  0.15  0.08  0.10  0.13  0.08 -0.14 -0.40  0.02 -0.04 -0.10  0.10 -0.10 -0.12    0.02   -30.0    0.39
 37233 -0.51 -0.51  0.16  0.42  0.06  0.36  0.31  0.20  0.22  0.14  0.24  0.17 -30.0 -0.27  0.10  0.02 -0.04 -0.03 -0.11 -0.12   -0.12    0.04    0.36
 38769 -0.79 -0.79  0.49  0.68  0.11  0.34  0.40  0.20  0.20  0.08  0.20  0.06 -0.06 -0.54  0.02  0.01 -30.0  0.17 -0.05 -0.12   -30.0   -30.0    0.26
 39893 -0.84 -0.84  0.68  0.78  0.22  0.29  0.33  0.35  0.24  0.23  0.15  0.16 -0.02 -0.25  0.16  0.02 -0.05  0.19 -0.16 -0.14    0.18    0.31    0.53
 40613 -0.62 -0.62  0.36  0.71  0.15  0.39  0.28  0.21  0.15  0.16  0.19  0.03 -0.03 -0.31  0.09 -0.04 -0.04  0.10 -0.05 -0.19   -0.15    0.07    0.24
 43393 -0.59 -0.59 -30.0  0.57  0.07  0.20  0.26  0.25  0.11  0.14  0.25  0.19 -0.01 -0.28  0.09  0.02  0.02  0.10 -0.10 -0.22   -0.02    0.15    0.33
 44075 -0.86 -0.86  0.39  0.64  0.09  0.27  0.24  0.19  0.17  0.12  0.15  0.03 -0.07 -0.35  0.11 -0.06 -0.12  0.10  0.09 -0.06    0.12    0.14    0.35
 44347 -0.85 -0.85  0.44  0.68  0.08  0.43  0.25  0.30  0.25  0.22  0.26  0.11 -0.08 -0.43  0.21  0.05 -0.13  0.19  0.13  0.10    0.13    0.35    0.52
 44860 -0.51 -0.51  0.36  0.58  0.17  0.37  0.32  0.24  0.19  0.11  0.24  0.08 -30.0 -0.20  0.14  0.05  0.09  0.17  0.09 -0.10    0.08    0.08    0.39
 45947 -0.46 -0.46  0.35  0.57  0.11  0.25  0.32  0.24  0.22  0.15  0.33  0.19  0.04 -0.21  0.06  0.03  0.22  0.13  0.06 -0.11   -0.04    0.13    0.57
 50005 -0.53 -0.53 -30.0  0.63  0.08  0.30  0.38  0.29  0.20  0.23  0.20  0.20  0.02 -0.22  0.23  0.03  0.14  0.05  0.09 -0.19   -30.0   -30.0    0.42
 50671 -0.48 -0.48  0.34  0.39  0.13  0.13  0.07  0.09  0.06 -30.0 -0.03  0.01 -0.02 -0.13 -0.02  0.02  0.05  0.09 -0.05  0.03   -0.01    0.02    0.17
 50965 -0.57 -0.57  0.41  0.57  0.06  0.26  0.23  0.19  0.15  0.25  0.33  0.02 -0.04 -0.22  0.13  0.02 -30.0  0.10  0.03 -0.07    0.02   -30.0    0.34
 52673 -0.66 -0.66 -30.0  0.58  0.14  0.27  0.22  0.21  0.18  0.20  0.24  0.09  0.02 -0.20  0.11  0.04  0.02  0.23  0.15 -0.01    0.03    0.19    0.40
 58843 -0.79 -0.79  0.28 -30.0  0.05  0.28  0.22  0.23  0.21  0.05  0.22  0.05 -30.0 -0.33  0.13  0.03 -0.03  0.09  0.18 -30.0    0.08    0.09    0.44
 59233 -0.83 -0.83  0.47  0.60  0.22  0.38  0.42  0.15  0.30 -0.17  0.22  0.28  0.07 -0.08  0.06 -0.01  0.02  0.17 -0.40 -0.25   -0.08    0.05    0.12
 59750 -0.74 -0.74  0.28  0.74  0.15  0.32  0.25  0.25  0.17  0.08  0.17  0.02 -0.09 -0.35  0.09  0.02 -0.08  0.12  0.07 -0.14   -30.0   -30.0    0.32
 60268 -0.72 -0.72  0.39  0.65  0.08  0.28  0.29  0.21  0.19  0.17  0.21  0.09  0.02 -0.26  0.10  0.05  0.08  0.17 -30.0 -0.14    0.07    0.17    0.41
 60956 -0.58 -0.58  0.47  0.56  0.07  0.22  0.23  0.21  0.15  0.19  0.22  0.20 -0.02 -0.18  0.08  0.05  0.04  0.15  0.06 -0.10    0.22    0.29    0.44
 62240 -0.83 -0.83 -30.0  0.87  0.16  0.33  0.34  0.30  0.03  0.03  0.11  0.01  0.03 -0.32  0.19  0.07 -0.11  0.04  0.04 -0.28    0.21    0.22    0.57
 64426 -0.71 -0.71  0.31  0.57  0.06  0.33  0.16  0.14  0.20  0.05  0.14 -0.01 -0.09 -0.36  0.09 -0.04 -0.08  0.04 -0.07 -0.21    0.09    0.21    0.21
 65449 -0.44 -0.44  0.33  0.50  0.08  0.20  0.31  0.17  0.10  0.07  0.15  0.09  0.03 -0.22  0.04 -0.01  0.09  0.04 -0.16 -0.14   -0.27   -30.0    0.29
 70520 -0.62 -0.62  0.23  0.52  0.12  0.28  0.28  0.21  0.20  0.05  0.23  0.11 -30.0 -0.25  0.12  0.01 -0.02  0.09 -0.06 -0.22    0.11    0.07    0.28
 70681 -1.10 -1.10 -30.0  0.90  0.05  0.32  0.29  0.39  0.19  0.13  0.12  0.07 -0.06 -0.47  0.07 -0.01 -0.33  0.08  0.29  0.10   -30.0    0.34    0.53
 71819 -0.14 -0.14  0.10  0.16  0.02  0.06  0.09  0.03  0.05  0.02 -30.0  0.04 -0.01 -0.07  0.02 -30.0  0.01  0.02 -0.02 -0.06    0.03    0.16    0.03
 72407 -0.54 -0.54  0.45  0.65  0.12  0.32  0.29  0.30  0.21  0.30  0.25  0.20  0.05 -0.20  0.14  0.10  0.08  0.17  0.13 -0.13    0.09    0.29    0.56
 72803 -0.73 -0.73  0.37  0.83  0.14  0.34  0.40  0.31  0.17  0.14  0.19  0.08 -0.05 -0.26  0.11  0.09  0.01  0.09 -0.01 -0.28    0.07    0.19    0.42
 74033 -0.85 -0.85  0.39  0.80  0.16  0.41  1.60  0.27  0.25  0.13  0.24  0.11 -30.0 -0.35  0.20  0.03 -0.09  0.18  0.17 -0.11    0.02    0.19    0.34
 74067 -0.75 -0.75  0.42  0.63  0.05  0.31  0.27  0.20  0.13  0.19  0.15  0.05 -0.06 -0.32  0.01  0.01 -0.07  0.14  0.09 -0.10    0.14    0.21    0.48
 81748 -0.01 -0.01  0.14  0.23 -0.03 -0.03  0.09  0.08 -0.06  0.02 -0.08 -0.03 -0.01 -0.09 -0.03 -0.03 -0.01 -0.08 -0.04 -0.19    0.16    0.10    0.04
 84781 -0.29 -0.29  0.22  0.48  0.01  0.25  0.23  0.15  0.11  0.19  0.18  0.12 -30.0 -0.23  0.09  0.03  0.13  0.14  0.10 -0.01    0.22    0.18    0.45
 84803 -0.52 -0.52  0.35  0.66  0.19  0.31  0.38  0.23  0.24  0.05  0.14 -0.02  0.02 -0.19  0.11  0.05  0.04  0.03 -0.08 -0.32    0.09    0.14    0.25
 84862 -0.41 -0.41  0.40  0.61  0.07  0.35  0.28  0.22  0.16  0.23  0.18  0.06 -0.03 -0.24  0.12  0.04  0.02  0.26  0.10 -0.12    0.06    0.32    0.45
 85373 -0.82 -0.82 -30.0  0.42  0.01  0.18  0.26  0.34  0.05  0.30  0.15  0.19  0.04 -0.30  0.23  0.08 -0.20  0.10  0.05 -0.31   -30.0    0.63    0.71
 85378 -0.51 -0.51  0.27  0.57  0.12  0.34  0.35  0.21  0.23  0.12  0.23 -0.01 -0.04 -0.24  0.09  0.04 -0.02  0.09 -0.01 -0.15    0.08    0.22    0.36
 85757 -0.70 -0.70  0.40  0.72  0.14  0.36  0.37  0.29  0.23  0.08  0.23  0.11 -0.03 -0.29  0.10  0.03 -0.02  0.10  0.03 -0.17   -0.10    0.14    0.09
 86013 -0.70 -0.70  0.49  0.72  0.07  0.31  0.16  0.21  0.14  0.18  0.14  0.07 -0.11 -0.32  0.08 -0.03 -0.13  0.11  0.02 -0.13   -0.02    0.30    0.35
 86830 -0.59 -0.59  0.43  0.69  0.17  0.35  0.35  0.30  0.23  0.07  0.21  0.14  0.01 -0.22  0.14  0.05 -30.0  0.04 -0.09 -0.27   -0.07    0.10    0.25
 87089 -0.30 -0.30  0.37  0.47 -0.12 -30.0  0.06  0.14  0.10  0.16  0.26  0.24 -0.03 -0.05  0.12  0.06  0.06  0.04  0.05 -0.10    0.32    0.28    0.46
 87533 -0.21 -0.21  0.12  0.22  0.08  0.15  0.16  0.04  0.08 -0.06 -30.0  0.04 -0.01 -0.12 -0.04 -0.02 -0.04 -0.01 -0.13 -0.14   -0.08   -0.06   -0.06
 88039 -0.81 -0.81  0.41  0.66  0.15  0.43  0.34  0.30  0.18  0.12  0.15  0.20 -0.09 -0.35  0.07  0.04 -0.07  0.22  0.01 -0.14    0.04    0.09    0.26
 88166 -0.76 -0.76 -30.0  0.73  0.13  0.34  0.28  0.28  0.14  0.15  0.21  0.12 -0.01 -0.27  0.11  0.03 -0.05  0.14  0.09 -0.21    0.26    0.17    0.52
 90393 -0.72 -0.72 -30.0  0.11  0.04  0.26  0.17  0.07  0.11  0.30  0.33  0.34  0.05 -0.15  0.14  0.05 -0.06  0.04  0.09 -0.24    0.23    0.61   -30.0
 94129 -0.27 -0.27  0.23  0.45  0.04  0.25  0.24  0.15  0.03  0.10  0.14  0.11 -0.01 -0.17  0.10  0.01  0.03  0.13 -30.0  0.06   -0.04    0.08    0.30
 96185 -0.56 -0.56  0.30  0.68  0.15  0.22  0.31  0.22  0.19  0.07  0.16  0.09 -0.09 -0.32  0.10 -30.0 -0.03  0.04  0.01 -0.34   -0.06    0.17    0.20
 96902 -0.29 -0.29  0.20  0.34  0.12  0.25  0.25  0.14  0.14  0.06  0.17  0.14 -0.02 -0.17  0.09  0.03  0.09  0.08 -0.15 -0.22   -0.06   -0.02    0.14
 97846 -0.18 -0.18  0.38  0.45  0.04 -30.0  0.23  0.14  0.10  0.11  0.10  0.07  0.01  0.02  0.08  0.04  0.08  0.19 -0.08 -0.02    0.03    0.19    0.12
 98020 -1.61 -1.61 -30.0  1.10  0.25  0.31 -30.0  0.44  0.20  0.22  0.03  0.39 -0.16 -0.48  0.16 -30.0 -0.66  0.56 -0.01 -0.04    0.65    0.57   -30.0
 98532 -1.13 -1.13 -30.0  0.65  0.01  0.34  0.33  0.29  0.25 -0.03  0.15  0.10 -0.03 -0.44  0.03 -30.0 -0.40  0.07  0.20  0.04    0.05    0.23    0.31
 99224 -0.12 -0.12  0.18  0.40  0.05  0.01  0.16  0.14 -30.0 -30.0 -0.01 -30.0 -0.04 -0.16  0.02 -0.02  0.05  0.07 -0.04 -0.12   -30.0    0.14    0.08
104659 -1.07 -1.07  0.47  0.75  0.06  0.35  0.26  0.25  0.18  0.06  0.31  0.11 -0.19 -0.56 -0.06 -0.05 -0.23  0.11 -0.12 -0.18   -30.0   -30.0    0.27
106947 -0.35 -0.35  0.43  0.34 -0.01 -30.0  0.15  0.15  0.09  0.21  0.20  0.20 -0.02 -0.05  0.12  0.05  0.11  0.13 -30.0  0.05    0.28    0.24    0.47
107294 -1.14 -1.14 -30.0  0.73  0.23  0.25  0.26  0.25  0.22  0.09  0.27  0.24 -0.03 -0.28  0.25  0.11 -0.50  0.04  0.22  0.11   -30.0   -30.0   -30.0
108056  0.14  0.14  0.20  0.25 -30.0  0.09  0.03  0.07 -0.08  0.08 -0.13 -0.01 -0.06 -0.14 -0.03 -0.01  0.04  0.04  0.06  0.15   -0.05   -30.0   -0.12
109384 -0.38 -0.38  0.50  0.65  0.02  0.30  0.17  0.26  0.10  0.20  0.12  0.24 -0.04 -0.06  0.16  0.04  0.04  0.19  0.13 -0.20    0.29    0.17    0.34
110291 -0.93 -0.93  0.52  0.82  0.06  0.36  0.17  0.21  0.11  0.15  0.12  0.11 -0.12 -0.41  0.04 -0.04 -0.21  0.09  0.03 -0.03   -30.0    0.03    0.40
111517 -0.45 -0.45  0.44  0.49  0.17  0.31  0.36  0.23  0.15  0.07  0.18  0.10  0.06 -0.13  0.18  0.09  0.16  0.16 -0.08 -0.22   -0.11   -0.02    0.36
112666 -0.42 -0.42  0.25  0.44  0.07 -30.0  0.21  0.21  0.13  0.14  0.10  0.17 -0.03 -0.14  0.09 -0.01  0.01  0.07 -0.09 -0.13    0.27    0.16    0.43
112811 -0.70 -0.70 -30.0  0.65  0.01  0.30  0.24  0.25  0.12  0.15  0.24  0.21 -0.10 -0.37  0.07 -0.02 -0.11 -30.0  0.07 -0.19   -0.10   -0.05    0.28
113514 -0.63 -0.63  0.42  0.66  0.09  0.29  0.19  0.21  0.16  0.19  0.13  0.03 -0.05 -0.24  0.04 -30.0  0.08  0.16  0.08 -0.03    0.07    0.35    0.43
116421 -0.51 -0.51  0.38  0.60  0.13  0.31  0.34  0.26  0.21  0.22  0.23  0.13 -0.01 -0.24  0.12  0.03 -30.0  0.07  0.03 -0.13   -30.0    0.19    0.23
117029 -0.77 -0.77  0.46  0.77  0.14  0.33  0.38  0.27  0.17  0.11  0.20  0.10 -0.02 -0.31  0.13  0.04 -0.03  0.11 -0.04 -0.27    0.05    0.18    0.25
  2909 -0.28 -0.28  0.37  0.40  0.13  0.19  0.23  0.15  0.08  0.04  0.10  0.04 -0.01 -0.15  0.08  0.03  0.04 -0.01 -0.08 -0.12    0.02    0.12    0.16
 14086 -0.65 -0.65  0.34  0.54  0.09  0.39  0.29  0.27  0.19  0.21  0.27  0.20  0.01 -0.23  0.14  0.05  0.07  0.06  0.09 -0.18    0.06    0.28    0.39
 14241 -0.49 -0.49  0.33  0.57  0.10 -30.0  0.24  0.23  0.13  0.27  0.22  0.11 -0.01 -0.19  0.15  0.04  0.15  0.16  0.16 -0.06    0.13    0.22    0.48
 19696 -0.24 -0.24  0.34  0.44  0.05  0.12  0.13  0.14  0.02  0.10  0.05  0.01 -0.01 -0.14  0.06 -30.0  0.10  0.19  0.08  0.02    0.07    0.20    0.25
 26437  0.10  0.10  0.02  0.07 -30.0  0.07  0.06  0.01 -30.0 -0.09 -0.03 -0.02 -30.0 -0.05 -0.04 -30.0 -0.02 -0.11 -0.05 -0.13   -0.16    0.02   -0.08
 39616 -0.41 -0.41  0.15  0.32  0.10  0.15  0.06  0.08  0.02  0.05  0.01 -0.04 -0.05 -0.15 -0.02 -0.04 -0.06  0.06  0.05  0.12    0.21    0.27    0.12
 40118 -0.47 -0.47  0.41  0.54  0.08  0.21  0.22  0.21  0.10  0.23  0.15  0.08 -0.05 -0.19  0.10  0.01  0.10  0.16 -30.0 -0.06    0.17    0.32    0.38
 64924 -0.03 -0.03  0.18  0.07 -0.06  0.02 -0.01  0.05 -0.02  0.08 -0.06 -30.0 -0.03 -0.06  0.01 -0.05 -30.0  0.07 -0.08  0.03    0.17    0.26    0.15
 73078 -0.11 -0.11  0.30  0.47  0.04  0.15  1.30  0.18 -0.03  0.02 -0.13 -0.04 -0.04 -0.07  0.04  0.05  0.02  0.02 -0.09 -0.41    0.13    0.18   -0.10
 74933 -0.39 -0.39  0.33  0.52 -30.0  0.11  0.19  0.12  0.05  0.16 -0.02 -0.05 -0.08 -0.20 -0.02 -0.04 -0.03  0.09  0.02  0.05    0.04    0.16    0.24
 81681 -0.38 -0.38  0.31  0.50  0.04  0.27  0.23  0.18  0.10  0.19  0.16  0.10 -0.05 -0.22  0.09  0.04  0.10  0.12  0.05 -0.15    0.10    0.35    0.30
 84506  0.09  0.09  0.50  0.43  0.14  0.04  0.24  0.20 -0.03  0.09 -0.08 -0.01  0.02 -0.07  0.08  0.06  0.15  0.05  0.01 -0.08    0.03   -30.0   -0.11
 86568 -0.40 -0.40  0.35  0.62  0.03 -30.0  0.21  0.24  0.07  0.19  0.17  0.22 -0.05 -0.16  0.17  0.04  0.04  0.13 -0.07 -0.07    0.20    0.18    0.49
  3026 -1.04 -1.04 -30.0  0.47  0.07  0.19 -30.0  0.09  0.11  0.13  0.20 -30.0 -0.21 -0.52  0.31 -0.01 -30.0  0.03  0.06  0.09   -30.0   -30.0   -30.0
 10449 -0.87 -0.87 -30.0  0.71 -0.04  0.26  0.18  0.24  0.18  0.19  0.12 -0.09 -0.01 -0.41  0.13 -0.06 -0.20  0.14  0.07 -0.01    0.29   -30.0    0.49
 12294 -0.95 -0.95  0.24  0.22  0.07  0.14 -30.0  0.28  0.14  0.07  0.15 -30.0  0.09 -0.35 -30.0  0.04 -0.37 -30.0  0.01 -0.12   -30.0    0.80   -30.0
 16072 -1.39 -1.39 -30.0  1.20  0.41  0.45 -30.0  0.49  0.28 -30.0  0.26  0.33 -0.02 -0.28 -30.0 -0.01 -0.32  0.33  0.36  0.14   -30.0   -30.0   -30.0
 28671 -1.01 -1.01 -30.0  0.79 -0.03  0.14 -30.0  0.17  0.16 -0.06  0.16  0.26  0.02 -0.48  0.01 -0.03 -0.42  0.15  0.10 -0.15   -30.0   -30.0    0.42
 52771 -1.98 -1.98 -30.0  1.10 -30.0  0.21 -30.0 -30.0  0.10 -30.0  0.11 -30.0 -30.0 -0.47  0.78 -0.06 -30.0  0.17 -30.0 -0.27   -30.0   -30.0   -30.0
 55592 -0.94 -0.94  0.39  0.59  0.08  0.31  0.21  0.18  0.15 -0.01  0.15  0.11 -0.11 -0.42 -0.02 -0.05 -0.34  0.17  0.09  0.13    0.12   -30.0    0.40
 57450 -1.50 -1.50 -30.0  0.99  0.18  0.36 -30.0  0.34  0.20  0.23  0.10  0.26 -0.09 -0.40 -30.0 -0.11 -0.36  0.08 -0.04 -0.05   -30.0   -30.0   -30.0
 58229 -0.83 -0.83 -30.0  0.67  0.06  0.18  0.13  0.10  0.07 -0.03  0.10 -30.0 -0.35 -0.40  0.26 -0.05 -0.44  0.02  0.03 -0.13   -30.0   -30.0   -30.0
 62882 -0.98 -0.98  0.20  0.80 -0.02  0.26  0.12  0.27  0.19 -0.12  0.08  0.10 -0.07 -0.61 -0.15 -0.08 -0.55  0.12  0.08 -0.06    0.07    0.10    0.12
 73385 -1.46 -1.46 -30.0  1.00 -30.0 -30.0  1.60  0.49  0.32 -30.0  0.33 -30.0  0.18 -0.39 -30.0  0.07 -0.46  0.20  0.20  0.07    0.27   -30.0    0.31
 78640 -1.34 -1.34 -30.0  0.78 -30.0  0.29 -30.0  0.23  0.26 -0.18  0.26  0.22 -30.0 -0.34  0.41 -0.03 -30.0 -0.07 -0.07 -0.28   -30.0    0.14    0.06
 80837 -0.80 -0.80  0.46  0.72  0.14  0.36  0.26  0.24  0.16  0.17  0.21  0.12  0.05 -0.27  0.22  0.04  0.01  0.15  0.06 -0.13   -0.05    0.14    0.29
 86321 -0.87 -0.87  0.30  0.55  0.02  0.15  0.07  0.15  0.13  0.13  0.12  0.06 -0.07 -0.34  0.20 -0.04 -0.43  0.08  0.07  0.03   -30.0   -30.0    0.36
 86431 -0.54 -0.54  0.39  0.57  0.05  0.24  0.19  0.15  0.07  0.15  0.08  0.04 -0.08 -0.23  0.05 -0.05 -0.03  0.07 -30.0 -0.07    0.03    0.33    0.30
 94449 -1.12 -1.12  0.66  0.95  0.11  0.46  0.48  0.36  0.37 -0.06  0.24  0.08 -0.08 -0.36  0.14 -0.01 -0.40  0.03 -0.12 -0.27    0.11   -30.0    0.10
100568 -0.99 -0.99 -30.0  0.68  0.01  0.20 -30.0  0.14  0.11 -30.0  0.08 -30.0 -0.06 -0.51 -0.07 -0.12 -0.45 -0.06 -0.17 -0.23    0.11    0.14    0.41
109067 -0.79 -0.79  0.48  0.68  0.07  0.28  0.24  0.24  0.13  0.21  0.15  0.11 -0.16 -0.40  0.06 -0.05 -0.22  0.10  0.13 -0.10    0.04    0.01   -30.0
111549 -0.95 -0.95 -30.0  0.40 -0.42 -30.0 -30.0  0.03  0.17 -0.30  0.12 -30.0 -0.04 -0.34 -0.06 -0.07 -0.40 -0.03 -0.29 -0.24   -30.0   -0.01    0.27
115704 -1.78 -1.78 -30.0  0.67 -30.0 -30.0 -30.0 -30.0 -30.0 -30.0 -30.0 -30.0 -30.0 -30.0 -30.0 -30.0 -30.0 -30.0 -30.0 -30.0   -30.0   -30.0   -30.0
  5163 -0.74 -0.74  0.44  0.68  0.12  0.27  0.31  0.23  0.13  0.18  0.17  0.06 -30.0 -0.25  0.10  0.06  0.07  0.06  0.03 -0.09    0.25   -30.0    0.38
  8720 -0.74 -0.74 -30.0  0.82  0.08  0.40  0.28  0.28  0.13  0.24  0.16  0.20 -0.03 -0.19  0.25  0.07 -0.01  0.13  0.02 -0.20    0.17    0.15    0.45
 10711 -0.69 -0.69  0.40  0.71 -30.0  0.25  0.23  0.22  0.09  0.08  0.11  0.02 -0.11 -0.42  0.11 -0.06 -0.13  0.11  0.02 -0.13    0.13   -30.0    0.27
 12381 -0.16 -0.16  0.08  0.30  0.02  0.17  0.12  0.01  0.04 -0.01 -0.02  0.02 -0.06 -0.25 -30.0 -0.09 -0.01 -0.07  0.12 -0.02   -0.27   -30.0    0.14
 15126 -0.82 -0.82 -30.0  0.64  0.01  0.28  0.16  0.25  0.12  0.14  0.15  0.06 -0.04 -0.40  0.11 -0.03 -0.14  0.13 -0.05 -0.07   -30.0   -30.0    0.49
 15394 -0.27 -0.27  0.09  0.19  0.04  0.26  0.17  0.13  0.04  0.06 -0.02 -0.01 -30.0 -0.09  0.02  0.01 -0.02  0.12 -0.08 -0.15    0.02    0.09    0.09
 16738  0.37  0.37 -0.01  0.18  0.31  0.32  0.14  0.12 -0.08 -0.08 -0.17 -0.07 -0.01  0.01  0.03  0.06  0.22  0.18 -0.08  0.12   -30.0   -30.0   -30.0
 21227 -0.45 -0.45  0.45  0.52  0.06  0.12  0.18  0.13 -0.01  0.16  0.04 -0.05 -0.12 -0.26 -30.0 -0.02 -0.04  0.03  0.02 -0.08    0.08    0.49    0.37
 21306 -0.65 -0.65  0.59  0.79  0.09  0.23  0.25  0.28  0.12  0.22  0.14 -0.02 -0.05 -0.33  0.08  0.02 -0.05  0.17  0.07 -0.10    0.24    0.24    0.29
 21703  0.15  0.15 -0.01  0.17 -0.14 -0.06 -0.06  0.06 -0.14  0.08 -0.07 -0.06 -0.08 -0.09 -0.01  0.01 -0.01 -0.01  0.13 -0.04    0.14    0.15    0.14
 21921 -0.41 -0.41  0.32  0.65  0.12  0.21  0.25  0.26  0.11  0.27  0.15  0.17 -0.01 -0.20  0.12  0.03  0.02  0.11  0.06 -0.13    0.12    0.39    0.47
 24037 -0.49 -0.49  0.28  0.48  0.07 -30.0  0.19  0.19  0.08  0.15  0.17  0.11 -0.01 -0.19  0.13  0.04  0.15  0.14  0.05 -0.07    0.06    0.33    0.38
 30990 -0.87 -0.87 -30.0  0.87  0.14  0.34  0.30  0.26  0.16  0.18  0.17 -0.01 -0.07 -0.48  0.14 -0.01 -0.15  0.12 -0.10 -0.21    0.04   -30.0    0.29
 33382 -0.05 -0.05  0.07 -0.01 -0.08  0.07  0.01  0.06 -0.05  0.03 -0.08 -0.04 -0.05 -0.12 -0.01 -0.03  0.01 -0.08 -0.04 -0.04    0.04    0.13    0.08
 34511 -0.15 -0.15  0.19  0.17 -0.03  0.04  0.01  0.05 -0.02  0.08 -0.08 -0.04 -0.03 -0.09 -0.06 -0.05 -0.01 -0.03  0.11  0.11    0.09    0.25    0.11
 35148 -0.30 -0.30  0.22  0.36  0.02  0.17  0.12  0.06 -30.0 -30.0 -0.05 -0.03 -0.06 -0.17 -0.04 -0.07 -0.06 -0.07 -0.16 -0.15   -0.12    0.05    0.08
 40023 -0.12 -0.12  0.01  0.08  0.03  0.03  0.13  0.04  0.05 -0.12  0.08  0.07  0.04 -0.04  0.02 -0.03  0.08 -0.10 -0.18 -0.04   -0.07   -0.01   -0.05
 42734 -0.70 -0.70  0.42  0.68  0.19  0.31  0.32  0.24  0.21  0.08  0.22  0.26  0.05 -0.23  0.12  0.01  0.01  0.11 -0.14 -0.13   -0.01    0.02    0.34
 47588 -0.47 -0.47  0.34  0.53  0.23  0.28  0.29  0.20  0.10  0.22  0.16  0.23 -0.03 -0.22  0.19  0.02  0.08  0.10 -0.05 -0.19   -0.20    0.07    0.26
 52015 -0.02 -0.02  0.13  0.26  0.09  0.05  0.16  0.11 -0.01  0.02 -0.05 -0.01 -30.0 -0.04  0.04 -0.01  0.05  0.02 -0.08 -0.10   -0.02    0.06   -0.03
 53535  0.11  0.11  0.25  0.35  0.11 -0.06  0.15  0.17 -0.03  0.04 -0.11 -0.05 -30.0 -0.08  0.07  0.01  0.10  0.02 -0.13 -0.11   -0.06    0.20   -0.16
 54196 -0.39 -0.39  0.11  0.24  0.01  0.16  0.06  0.04  0.04 -0.05  0.02  0.03 -0.04 -0.21  0.04 -0.04 -30.0  0.03 -0.10 -0.14   -0.13   -0.03    0.17
 62077 -0.59 -0.59  0.53  0.76  0.13  0.31  0.27  0.23  0.11  0.25  0.21  0.10 -0.02 -0.22  0.17  0.02  0.10  0.09 -0.03  0.01    0.05   -30.0    0.36
 64103 -0.21 -0.21  0.16  0.19 -0.09  0.13  0.04  0.04 -0.03  0.02 -0.02  0.02 -0.06 -0.13 -0.06 -0.05 -0.03  0.01 -0.05 -0.02    0.11    0.14    0.17
 74442 -0.23 -0.23  0.52  0.41 -0.01  0.16  0.10  0.09  0.04  0.03 -0.08 -0.09 -0.06 -0.13 -0.05 -0.02 -0.02  0.05 -0.02 -0.14    0.08   -30.0    0.07
 74443 -0.59 -0.59  0.62  0.63  0.13  0.12  0.26  0.25  0.14  0.21  0.26  0.25  0.01 -0.08  0.20  0.06 -30.0  0.13 -0.06 -0.22   -0.03    0.07    0.44
 80162 -0.66 -0.66  0.75  0.73  0.10  0.06  0.34  0.31  0.11  0.26  0.25  0.22 -0.02 -0.17  0.12  0.08  0.05  0.16 -0.01 -0.20    0.15    0.15    0.41
 82265  0.09  0.09  0.05  0.08 -0.06  0.17  0.06  0.05 -0.02  0.11  0.02  0.03 -0.03 -0.04  0.04  0.01  0.04 -0.03  0.01 -0.04    0.14    0.14    0.22
 85653 -0.43 -0.43  0.35  0.45  0.06 -30.0  0.23  0.19  0.13  0.11  0.21  0.19 -30.0 -0.22  0.13  0.05  0.11  0.12  0.37  0.17    0.10    0.39    0.41
 89583 -0.20 -0.20  0.05  0.22 -30.0  0.27  0.16  0.13  0.04  0.26  0.11  0.06 -0.05 -0.15  0.10  0.03  0.11  0.03  0.03 -0.04    0.06    0.19    0.40
 90745 -0.50 -0.50  0.42  0.64  0.12  0.36  0.25  0.20  0.10  0.07  0.09  0.04 -0.01 -0.20  0.06  0.02  0.04  0.06 -0.02 -0.11   -0.04    0.07    0.22
 94615  0.20  0.20 -0.01 -0.06 -0.16 -0.01 -0.05 -0.02 -0.06  0.11 -0.02  0.06  0.01 -0.07  1.30 -0.02  0.06 -0.02  0.07  0.12    0.23    0.19    0.06
 99938 -0.54 -0.54  0.36  0.72  0.05  0.30  0.15  0.16  0.09  0.34  0.17  0.06 -0.10 -0.26  0.03 -30.0 -0.03  0.06  0.02 -0.08    0.05    0.21    0.37
102081  0.09  0.09  0.12  0.20 -0.04  0.20  0.05  0.05 -0.03 -30.0 -0.11 -0.09 -0.06 -0.09 -30.0 -0.03 -0.03  0.04  0.04 -0.02   -30.0   -0.04   -0.01
107236 -0.50 -0.50  0.43  0.60  0.10  0.29  0.21  0.22  0.06  0.19  0.09  0.05 -0.04 -0.18  0.17  0.07  0.05  0.10  0.07 -0.15    0.11    0.15    0.42
115721 -0.46 -0.46  0.45  0.53  0.11  0.26  0.19  0.16  0.12  0.16  0.08  0.07 -0.01 -0.29  0.04 -0.01  0.11  0.17 -0.02 -0.02    0.07    0.05    0.30
  7452 -1.53 -1.53 -30.0  0.78 -30.0  0.18  0.65  0.77  0.20  0.24  0.28 -30.0  0.38 -30.0 -30.0 -30.0 -30.0  0.02  0.23 -0.01    0.12   -30.0   -30.0
 14594 -1.88 -1.88 -30.0  0.58 -30.0 -30.0 -30.0  0.64  0.28 -30.0  0.50 -30.0 -30.0 -30.0  0.91  0.44 -30.0  0.33 -30.0 -0.16   -30.0   -30.0   -30.0
 20298 -0.84 -0.84  0.67  0.93  0.08  0.42  0.41  0.38  0.28  0.20  0.23 -30.0 -0.04 -0.43  0.07 -0.07  0.05  0.20  0.34 -0.02    0.16    0.28    0.29
 23922 -0.66 -0.66 -30.0  0.63  0.05  0.29  0.12  0.18  0.13  0.19  0.18  0.08 -0.08 -0.31  0.07 -0.02 -0.04  0.17  0.09 -0.11   -0.09    0.11    0.35
 26617 -0.75 -0.75  0.50  0.83  0.04  0.23  0.25  0.25  0.19  0.13  0.13  0.08 -0.05 -0.30  0.18 -30.0 -0.21  0.09  0.12 -0.06    0.21    0.25    0.39
 42864 -1.47 -1.47 -30.0  0.95 -30.0  0.40 -30.0  0.55  0.20 -30.0  0.22  0.34 -0.17 -0.58 -30.0  0.24 -0.16  0.39 -30.0  0.04   -30.0   -30.0   -30.0
 43595 -0.84 -0.84  0.52  0.71  0.05  0.29  0.32  0.17  0.13  0.12  0.24  0.06 -0.04 -0.29  0.14 -0.01 -0.03  0.20  0.07 -0.11    0.26    0.23    0.36
 48209 -0.65 -0.65  0.39  0.66  0.10  0.21  0.24  0.22  0.11  0.22  0.18  0.08 -0.01 -0.18  0.09  0.06  0.06  0.12  0.04 -0.09    0.09    0.10    0.35
 51477 -1.25 -1.25 -30.0  1.40  0.14  0.44  0.42  0.53  0.26  0.08  0.11 -0.02 -30.0 -0.47  0.15  0.01 -0.24  0.22  0.26  0.02    0.11    0.25    0.29
 60331 -0.64 -0.64 -30.0  0.82  0.07  0.22  0.35  0.27  0.05  0.27  0.14  0.10  0.21 -0.35  0.17 -0.06 -30.0  0.28 -0.05 -0.25   -0.08   -30.0    0.58
 62507 -0.24 -0.24  0.16  0.27  0.06  0.15  0.14  0.09  0.03 -0.12 -0.03  0.01 -0.04 -0.13  0.01 -0.03 -0.04  0.12 -0.16 -0.17   -0.20    0.07   -0.05
 71019 -0.39 -0.39  0.41  0.66  0.04  0.23  0.33  0.23  0.12  0.20  0.13  0.07 -30.0 -0.27  0.07  0.03  0.04  0.15 -0.15 -0.10    0.02    0.09    0.21
 85650 -0.39 -0.39  0.34  0.60  0.13  0.25  0.35  0.25  0.17  0.16  0.17  0.11  0.01 -0.18  0.12 -30.0 -30.0  0.19 -0.08 -0.14    0.23    0.24   -30.0
