[Fe/H] [Na/H] [Na/Fe]
-2.47  -2.60  -0.13
-2.82  -3.05  -0.23
-2.59  -2.80  -0.21
-3.06  -3.35  -0.29
-4.19  -4.10  0.09
-3.77  -3.87  -0.10
-3.36  -3.45  -0.09
-2.88  -3.00  -0.12
-3.04  -2.95  0.09
-3.86  -4.10  -0.24
-3.00  -3.10  -0.10
-3.49  -3.78  -0.29
-2.97  -3.05  -0.08
-3.25  -3.30  -0.05
-3.78  -3.75  0.03
-3.03  -3.25  -0.22
-2.69  -2.78  -0.09
-3.41  -3.56  -0.15
-3.14  -3.28  -0.14
-2.84  -3.05  -0.21
-3.33  -1.95  -30.0
-2.62  -2.65  -0.03
-3.56  -3.90  -0.34
-3.04  -3.20  -0.16
-2.82  -3.03  -0.21
-3.19  -3.62  -0.43
-3.06  -3.20  -0.14
-2.69  -2.85  -0.16
-3.30  -3.41  -0.11
-2.91  -2.95  -0.04
-2.97  -2.92  0.05
-3.05  -3.45  -0.40
-2.92  -3.13  -0.21
-3.10  -3.30  -0.20
-3.28  -3.55  -0.25
-3.43  -3.81  -0.51
-2.89  -3.35  -0.46
-3.04  -3.15  -0.11
-3.07  -3.30  -0.23
-2.70  -3.02  -0.32
-2.91  -3.10  -0.19
-2.83  -2.85  -0.02
-2.77  -3.05  -0.25
-3.24  -3.50  -0.30
-3.55  -3.75  -0.20
-2.75  -2.95  -0.20
-3.08  -3.25  -0.17
-2.58  -2.75  -0.17
