-1.22 0.35
-1.15 0.54
-1.25 0.64
-0.99 0.35
-2.17 0.91
-1.61 0.32
-0.95 0.34
-2.09 0.34
-0.82 0.17
-0.72 0.31
-0.63 0.60
-0.83 0.09
-0.79 0.37
-0.83 0.14
-0.63 0.21
-0.91 0.20
-1.52 0.21
-1.54 0.40
-1.08 0.26
-1.69 0.33
-1.17 0.26
-1.28 0.62
-0.84 0.05
-0.85 0.49
-0.80 0.18
-0.85 0.12
-0.75 0.21
-0.79 0.05
-0.80 0.19
-1.27 0.68
-0.72 0.33
-1.69 0.18
-0.70 0.34
-1.84 0.66
-0.94 0.36
-0.76 0.26
-1.14 0.41
-1.67 0.61
-0.84 0.28
-1.38 0.39
-1.39 0.83
-0.84 0.42
-2.37 0.34
-1.19 0.75
-1.54 0.44
-2.43 0.47
-0.88 -0.14
-1.81 0.84
-1.45 0.15
-1.18 0.40
-1.09 0.35
-1.17 0.36
-1.16 0.50
-1.40 0.46
-0.73 0.42
-1.16 0.39
-1.62 0.40
-1.59 0.54
-1.56 0.68
-1.33 -0.03
-0.63 0.57
-1.64 0.40
-0.42 0.04
-1.25 0.52
-0.43 -0.18
-1.04 0.45
