[Fe/H]  err   [Sr/Fe]  err    [Y/Fe] err    [Zr/Fe] err    [Pd/Fe] err   [Ag/Fe] err    [Ba/Fe] err     [Eu/Fe] err                  
-2.60  -30.0  -30.0  -30.0   -0.28   0.17   -0.02   0.14    0.72   0.27  -30.0  -30.0   -30.0  -30.0    -30.0  -30.0   
-2.56  -30.0   0.21   0.14   -0.02   0.13    0.44   0.18   -30.0  -30.0  -30.0  -30.0   -30.0  -30.0    -30.0  -30.0   
-1.92  -30.0   0.15   0.11    0.1    0.12    0.47   0.14   -30.0  -30.0  -30.0  -30.0   -0.10   0.25    -30.0  -30.0   
-1.55  -30.0   0.22   0.11    0.01   0.13    0.27   0.17    0.19   0.27   0.27   0.25    0.18   0.14    -30.0  -30.0   
-0.99  -30.0  -0.15   0.30    0.03   0.15    0.14   0.17    0.52   0.19   0.38   0.25    0.32   0.15     0.78   0.17   
-1.01  -30.0   0.00   0.10   -0.23   0.12   -30.0  -30.0    0.17   0.23   0.20   0.26    0.13   0.14     0.55   0.22   
-1.33  -30.0  -0.10   0.20   -0.18   0.19    0.27   0.17    0.29   0.20   0.53   0.25    0.26   0.17     0.70   0.18   
-2.13  -30.0   0.13   0.11   -0.1    0.12    0.29   0.15    0.00   0.27  -30.0  -30.0   -0.02   0.14     0.37   0.23   
-0.95  -30.0   0.33   0.14   -0.06   0.12    0.19   0.17    0.17   0.21   0.00   0.26   -0.18   0.18     0.45   0.2    
-1.12  -30.0   0.30   0.11   -0.05   0.12   -0.02   0.17    0.07   0.21   0.09   0.26    0.21   0.15     0.48   0.17   
-1.05  -30.0   0.36   0.25    0.06   0.13    0.06   0.17    0.00   0.22   0.07   0.26    0.22   0.15     0.43   0.17   
-0.99  -30.0   0.41   0.14    0.09   0.12    0.20   0.22    0.09   0.19  -0.07   0.26    0.19   0.15     0.65   0.27   
-0.97  -30.0  -30.0  -30.0   -0.07   0.13    0.19   0.17    0.20   0.20   0.25   0.25    0.30   0.15     0.41   0.16   
-0.85  -30.0   0.04   0.13   -0.27   0.15    0.05   0.17    0.29   0.19   0.21   0.25    0.17   0.15     0.43   0.16   
-0.84  -30.0   0.10   0.10   -0.19   0.12    0.02   0.17    0.12   0.19   0.01   0.27    0.17   0.18     0.26   0.20     
-0.63  -30.0  -30.0  -30.0    0.08   0.12    0.22   0.17    0.14   0.19   0.08   0.25    0.25   0.15     0.08   0.21   
-1.32  -30.0   0.45   0.22    0.23   0.13    0.44   0.17    0.17   0.21   0.10   0.25    0.48   0.15    -30.0  -30.0   
-2.17  -30.0  -30.0  -30.0    0.00   0.13    0.33   0.14    0.37   0.21  -30.0  -30.0   -0.36   0.17    -30.0  -30.0   
-1.31  -30.0   0.22   0.12    0.25   0.15    0.34   0.17    0.44   0.21   0.48   0.25    0.22   0.17     0.71   0.17   
-0.73  -30.0   0.40   0.12    0.16   0.12    0.51   0.17    0.32   0.19   0.16   0.25    0.36   0.18     0.50   0.19   
-1.81  -30.0   0.03   0.14   -0.15   0.12    0.20   0.16    0.02   0.27  -30.0  -30.0    0.02   0.16     0.22   0.18   
-1.28  -30.0   0.20   0.19    0.34   0.12    0.56   0.17    0.51   0.21   0.28   0.25    0.55   0.15     0.47   0.17   
-1.52  -30.0   0.34   0.11    0.17   0.15    0.46   0.17    0.34   0.19   0.20   0.26    0.40   0.15     0.43   0.16   
-2.58  -30.0  -0.27   0.10   -0.48   0.12   -0.20   0.14   -30.0  -30.0  -30.0  -30.0   -30.0  -30.0    -30.0  -30.0   
-1.83  -30.0   0.04   0.14   -0.03   0.12    0.19   0.21    0.42   0.21  -30.0  -30.0    0.41   0.16    -30.0  -30.0    
-0.72  -30.0  -30.0  -30.0   -30.0  -30.0    0.17   0.17    0.12   0.20   0.09   0.26    0.45   0.14     0.20   0.16   
-1.58  -30.0  -0.04   0.14   -0.16   0.13    0.18   0.17    0.32   0.19   0.19   0.26    0.13   0.14     0.40   0.18   
-1.18  -30.0  -0.70   0.14    0.15   0.13    0.44   0.17    0.30   0.21   0.16   0.25    0.32   0.17     0.39   0.16   
-0.71  -30.0  -30.0  -30.0   -30.0  -30.0   -0.14   0.17   -0.13   0.20  -0.03   0.28    0.10   0.16    -30.0  -30.0   
-1.19  -30.0  -0.02   0.25    0.05   0.13    0.19   0.17    0.22   0.21   0.14   0.25    0.20   0.14     0.45   0.16   
-2.01  -30.0   0.04   0.11   -0.05   0.12    0.37   0.15    0.22   0.27  -30.0  -30.0   -0.03   0.15    -30.0  -30.0   
-1.48  -30.0  -0.03   0.17   -0.09   0.14    0.23   0.17    0.32   0.19   0.43   0.28    0.14   0.16     0.54   0.16   
-2.27  -30.0   0.16   0.10   -0.07   0.12    0.29   0.14   -30.0  -30.0  -30.0  -30.0   -30.0  -30.0    -30.0  -30.0   
-0.93  -30.0  -30.0  -30.0   -30.0  -30.0    0.37   0.17    0.16   0.21   0.17   0.26    0.35   0.14    -30.0  -30.0   
-1.90  -30.0   0.22   0.11    0.17   0.12    0.56   0.15    0.77   0.27  -30.0  -30.0    0.32   0.14    -30.0  -30.0   
-3.10  -30.0  -0.05   0.10    0.02   0.13   -30.0  -30.0   -30.0  -30.0  -30.0  -30.0   -0.35   0.16    -30.0  -30.0   
-3.16  -30.0  -0.06   0.10    0.03   0.13    0.52   0.14   -30.0  -30.0  -30.0  -30.0   -30.0  -30.0    -30.0  -30.0   
-2.53  -30.0  -30.0  -30.0   -0.14   0.13    0.25   0.14   -30.0  -30.0  -30.0  -30.0   -30.0  -30.0    -30.0  -30.0   
-0.89  -30.0   0.04   0.10   -0.27   0.15    0.02   0.17    0.12   0.19   0.03   0.26    0.05   0.14     0.32   0.16   
-2.12  -30.0  -30.0  -30.0   -0.24   0.12    0.18   0.17   -30.0  -30.0  -30.0  -30.0   -30.0  -30.0    -30.0  -30.0   
-1.99  -30.0   0.11   0.18    0.03   0.20    0.26   0.16    0.39   0.20   0.16   0.22    0.36   0.15     0.60   0.18   
-2.48  -30.0  -0.18   0.15   -0.32   0.19    0.12   0.17   -30.0  -30.0  -0.40   0.32   -0.55   0.14     0.54   0.16   
-2.09  -30.0  -0.01   0.12    0.04   0.15    0.05   0.14    0.12   0.21  -30.0  -30.0    0.26   0.14     0.41   0.16   
-1.20  -30.0  -0.09   0.26   -0.35   0.18    0.28   0.22   -0.01   0.21  -0.50   0.28    0.28   0.14     0.52   0.19   
-1.64  -30.0   0.05   0.12   -0.08   0.18    0.01   0.16   -0.33   0.20  -30.0  -30.0    0.35   0.14     0.18   0.16   
-2.77  -30.0  -0.06   0.18   -0.25   0.16    0.64   0.16   -30.0  -30.0  -30.0  -30.0   -0.30   0.16    -30.0  -30.0   
-2.67  -30.0   0.28   0.14    0.09   0.15   -0.07   0.16   -30.0  -30.0  -30.0  -30.0   -30.0  -30.0     0.08   0.22   
-3.06  -30.0   0.09   0.15   -0.32   0.13    0.43   0.37   -30.0  -30.0  -30.0  -30.0    0.07   0.16    -30.0  -30.0   
-2.62  -30.0  -0.34   0.20   -0.79   0.12   -0.17   0.17   -30.0  -30.0  -30.0  -30.0   -30.0  -30.0     0.12   0.21   
-2.81  -30.0   0.66   0.11    0.82   0.16    0.77   0.26    1.29   0.19   1.19   0.27    1.43   0.14     1.53   0.31   
-1.48  -30.0   0.06   0.10    0.38   0.16    0.54   0.26    0.13   0.18  -0.33   0.25    0.37   0.14     0.52   0.17   
-1.25  -30.0  -0.04   0.17    0.21   0.22    0.27   0.22   -0.20   0.19  -0.53   0.28    0.32   0.14     0.27   0.17   
-2.87  -30.0   0.04   0.11   -0.09   0.23    0.19   0.14   -30.0  -30.0  -30.0  -30.0   -0.93   0.14    -0.50   0.16   
-2.11  -30.0  -0.05   0.13   -0.22   0.12    0.07   0.14   -0.08   0.20   0.15   0.32    0.34   0.17     0.34   0.18   
-2.40  -30.0  -0.05   0.22    0.15   0.14    0.47   0.18    0.22   0.23   0.15   0.22   -0.06   0.14     0.22   0.16   
-3.00  -30.0  -0.08   0.16   -0.12   0.14    0.20   0.19    0.47   0.20  -30.0  -30.0    0.35   0.14     0.79   0.16   
-2.81  -30.0   0.04   0.13   -0.10   0.16    0.07   0.18    0.12   0.20   0.10   0.25   -0.85   0.14    -0.51   0.16   
-1.45  -30.0  -0.04   0.14    0.00   0.28   -0.01   0.25    0.32   0.20  -0.28   0.22    0.34   0.14     0.24   0.16   
-1.92  -30.0  -0.09   0.14   -0.27   0.12    0.06   0.14    0.24   0.19  -0.01   0.28    0.16   0.14     0.19   0.16   
-3.16  -30.0  -0.01   0.10   -0.20   0.13    0.19   0.19    0.42   0.26   0.40   0.28    0.08   0.14     0.31   0.17    
-2.34  -30.0  -0.36   0.11   -0.78   0.13   -0.35   0.14   -0.16   0.20  -0.24   0.22   -0.43   0.15    -0.28   0.16              
-1.38  -30.0   0.01   0.19    0.12   0.16    0.29   0.18    0.04   0.18   0.04   0.28    0.35   0.15     0.56   0.16   
-2.42  -30.0   0.08   0.11    0.01   0.12    0.31   0.14    0.26   0.18   0.23   0.25    0.25   0.14     0.50   0.16   
-1.84  -30.0  -0.07   0.12   -0.14   0.15    0.07   0.18    0.04   0.18   0.04   0.25    0.23   0.15     0.10   0.17   
-2.59  -30.0   0.13   0.12    0.08   0.15    0.30   0.16   -30.0  -30.0  -30.0  -30.0   -30.0  -30.0     0.70   0.21   
-2.32  -30.0  -0.18   0.17   -0.24   0.16   -0.06   0.19    0.12   0.30  -30.0  -30.0   -30.0  -30.0     0.28   0.14 
