-2.74 -2.44 -2.11 -0.33
-1.48 -1.58 -30.0 -30.0
-2.66 -2.86 -1.78 -1.08
-1.50 -1.80 -0.94 -0.86
-2.36 -1.36 -1.42 -0.06
-2.17 -1.97 -1.36 -0.61
-3.05 -1.90 -1.88 -0.02
-2.99 -2.29 -2.08 -0.21
-0.86 -1.05 -0.53 -0.52
-2.04 -1.69 -0.82 -0.87
-1.74 -1.75 -1.00 -0.75
-0.90 -1.12 -0.56 -0.56
-2.06 -2.06 -1.29 -0.77
-1.83 -1.83 -30.0 -30.0
-1.49 -1.34 -0.78 -0.56
-1.43 -1.83 -1.06 -0.77
-2.11 -2.41 -30.0 -30.0
-0.81 -0.81 -0.52 -0.29
-2.47 -2.42 -1.58 -0.84
-0.35 -0.45 -0.24 -0.21
-0.67 -0.77 -0.63 -0.14
-1.68 -1.38 -0.69 -0.69
-0.65 -0.86 -0.74 -0.12
-1.57 -1.57 -1.01 -0.56
-1.12 -1.32 -0.74 -0.58
-1.20 -1.10 -0.68 -0.42
-0.95 -1.05 -0.80 -0.25
-1.05 -0.95 -0.60 -0.35
-1.76 -2.06 -30.0 -30.0
-1.48 -1.98 -1.27 -0.71
-0.50 -0.65 -0.71 0.06
0.23 0.25 0.02 -30.0
0.28 0.21 -0.05 -30.0
0.30 0.39 0.21 -30.0
0.35 0.26 0.44 -30.0
0.13 0.10 -0.07 -30.0
-0.13 -0.05 0.00 -30.0
0.40 0.42 -0.01 -30.0
0.32 0.42 0.08 -30.0
0.23 0.20 0.08 -30.0
0.30 0.40 0.22 -30.0
-0.21 -0.30 -0.12 -30.0
0.02 0.01 -0.07 -30.0
0.20 0.20 0.16 -30.0
0.37 0.40 0.17 -30.0
0.05 0.12 -0.04 -30.0
