-2.71 0.59 0.29 0.98 -30.0 0.23 -0.84 0.07 0.38 0.69 -30.0 -0.07 -0.46 0.41 0.06 -0.80 -30.0 0.05
-2.58 0.11 -0.54 0.55 -0.09 0.25 -0.99 -30.0 0.24 0.21 0.08 -0.24 -0.57 0.20 -0.15 -1.33 0.07 -0.07
-2.63 0.41 0.21 0.65 -30.0 0.37 -30.0 0.17 0.45 0.55 -30.0 -0.13 -0.43 0.35 0.03 -0.83 0.20 -0.09
-2.72 0.60 0.80 1.39 -30.0 0.34 -30.0 0.13 0.43 0.59 -30.0 -0.15 -0.52 0.34 0.08 -0.59 -30.0 0.01
-3.07 -0.45 0.75 -30.0 0.48 0.44 -0.70 0.47 0.41 0.24 -30.0 -0.43 -0.61 0.08 -0.05 -30.0 -30.0 -0.21
-3.19 -0.63 -30.0 -30.0 -30.0 0.44 -0.88 0.42 0.27 0.38 -30.0 -0.34 -0.98 0.30 0.03 -30.0 -30.0 -30.0
-3.20 -0.12 0.78 0.27 -0.22 0.21 -0.97 0.62 0.18 -0.02 -30.0 -0.42 -0.55 0.09 -0.13 -1.64 -30.0 -30.0
-3.75 0.48 -30.0 -30.0 -30.0 0.23 -0.79 0.32 0.28 0.51 -30.0 -0.46 -0.64 0.69 0.29 -30.0 -30.0 -30.0
-3.44 1.62 1.82 -30.0 -0.13 0.29 -0.66 0.00 0.46 -30.0 -30.0 -0.15 -30.0 -30.0 -30.0 -30.0 -30.0 -30.0
-3.53 -0.49 1.11 -30.0 0.01 0.58 -0.61 0.40 0.23 0.18 -30.0 -0.59 -0.96 0.22 -0.08 -30.0 -30.0 -30.0
-3.07 -0.25 1.05 -30.0 0.03 0.29 -0.90 1.16 0.21 -0.02 -30.0 -0.25 -0.71 0.04 -0.15 -30.0 -30.0 -30.0
-3.34 0.97 0.32 -30.0 -0.01 0.45 -0.66 -30.0 0.33 0.45 -30.0 -0.50 -0.80 0.38 0.08 -30.0 -30.0 -30.0
-2.87 0.60 0.55 -30.0 -0.04 0.38 -0.72 0.28 0.40 0.48 -30.0 -0.32 -0.62 0.22 0.03 -30.0 -30.0 -30.0
-2.48 0.86 1.06 -30.0 -0.28 0.02 -0.84 0.07 0.18 0.46 -30.0 -0.12 -0.34 -30.0 0.06 -30.0 -30.0 -30.0
-3.01 0.24 -30.0 -30.0 -30.0 0.29 -0.97 -30.0 0.26 0.23 -30.0 -0.37 -0.50 0.47 0.16 -30.0 -30.0 -30.0
-3.14 0.92 1.22 -30.0 -30.0 0.18 -0.73 0.11 0.36 -30.0 -30.0 -0.25 -0.50 -30.0 0.00 -30.0 -30.0 -30.0
-2.98 0.31 -0.44 0.75 -30.0 0.39 -0.84 -30.0 0.29 0.32 -30.0 -0.31 -0.44 0.45 0.10 -1.10 0.25 -30.0
-2.93 0.16 0.21 0.60 -30.0 0.28 -30.0 -30.0 0.22 0.30 -0.09 -0.30 -0.76 0.29 -0.02 -1.23 0.31 -30.0
-3.42 0.40 0.80 0.99 -30.0 0.35 -0.85 0.42 0.31 -30.0 -30.0 -0.40 -0.77 0.48 0.08 -0.94 -30.0 -30.0
-3.09 1.07 -30.0 -30.0 -30.0 0.31 -0.73 0.08 0.43 -30.0 -30.0 -0.05 -0.30 0.26 0.00 -30.0 -30.0 -30.0
-3.18 0.96 0.81 0.75 -30.0 0.42 -0.79 -30.0 0.31 0.18 -0.06 -0.21 -0.32 0.36 0.08 -1.36 0.34 0.21
-2.85 0.83 0.93 1.52 -30.0 0.28 -0.82 0.10 0.45 0.66 -30.0 -0.17 -0.69 0.28 -0.06 -0.56 -30.0 -30.0
-2.09 0.42 -0.33 0.66 -30.0 0.40 -30.0 -30.0 0.38 0.35 0.06 -0.12 -0.47 0.17 -0.03 -0.79 0.15 0.11
-3.14 0.27 -0.48 -30.0 0.17 0.41 -0.88 -30.0 0.33 0.31 -30.0 -0.34 -0.88 0.28 -0.05 -30.0 -30.0 0.09
-2.90 0.38 -0.22 0.57 -30.0 0.41 -30.0 -30.0 0.32 0.26 -0.11 -0.26 -0.51 0.23 -0.04 -1.18 0.33 -0.01
-4.04 -0.28 0.92 1.01 -30.0 0.08 -30.0 0.19 0.09 0.16 -30.0 -0.74 -0.82 0.47 -0.05 -1.17 -30.0 -30.0
-2.84 0.37 -0.38 0.81 -30.0 0.42 -0.73 -30.0 0.41 0.31 0.06 -0.31 -0.20 0.34 0.09 -1.02 0.41 -0.18
-2.68 0.36 -0.24 0.65 -30.0 0.17 -30.0 0.21 0.22 0.32 -30.0 -0.23 -0.41 0.37 0.21 -0.93 -30.0 -0.10
