-2.69 0.43 0.23 1.99 0.08 0.19
-1.89 0.29 0.21 2.74 0.03 0.10
-2.34 0.29 0.18 2.33 0.07 0.14
-2.03 0.20 0.14 2.65 0.08 0.12
-2.03 0.34 0.27 2.76 0.19 0.24
-2.29 0.47 0.31 2.40 0.09 0.18
-1.46 0.33 0.26 3.22 0.08 0.13
-2.19 0.32 0.24 2.56 0.15 0.21
-1.62 0.34 0.29 3.04 0.06 0.11
-1.69 0.29 0.20 2.86 -0.05 0.02
-1.29 0.27 0.20 3.33 0.02 0.06
-3.24 0.45 0.19 1.77 0.41 0.52
-3.08 0.33 0.10 1.96 0.44 0.55
-1.48 0.28 0.18 3.10 -0.02 0.05
-1.55 0.25 0.16 3.04 -0.01 0.05
-2.54 0.19 0.07 2.25 0.19 0.26
-1.37 0.43 0.38 3.37 0.14 0.18
-1.71 0.33 0.30 2.96 0.07 0.12
-1.59 0.29 0.21 3.02 0.01 0.07
-2.38 0.28 0.20 2.30 0.08 0.14
-1.75 0.37 0.28 2.82 -0.03 0.04
-1.12 0.26 0.17 3.48 0.00 0.04
-1.87 0.29 0.23 2.81 0.08 0.12
-1.72 0.28 0.21 2.91 0.03 0.09
-1.10 0.21 0.17 3.38 -0.12 -0.10
-1.15 0.20 0.13 3.37 -0.08 -0.04
-2.28 0.30 0.17 2.41 0.09 0.17
-2.71 0.35 0.17 2.17 0.28 0.38
-3.21 0.52 0.30 1.96 0.57 0.66
-2.38 0.34 0.22 2.34 0.12 0.20
-2.24 0.38 0.26 2.49 0.13 0.20
-2.45 0.26 0.15 2.29 0.14 0.21
-2.60 0.39 0.23 2.13 0.13 0.23
-1.93 0.30 0.20 2.73 0.06 0.12
-2.21 0.22 0.09 2.50 0.11 0.19
-2.58 0.43 0.29 2.10 0.08 0.16
-2.11 0.33 0.23 2.55 0.06 0.15
-2.26 0.40 0.25 2.48 0.14 0.23
-2.39 0.29 0.14 2.36 0.15 0.24
-2.63 0.26 0.11 2.04 0.07 0.16
