-0.23 -0.04 -0.18 0.02 -0.03 -0.06 0.14
-0.65 0.08 -0.19 0.12 0.04 -0.09 0.14
-0.50 -0.03 -0.32 0.08 0.05 -0.08 0.23
-1.20 0.07 -0.51 0.28 -0.08 -0.48 0.08
-0.87 -0.09 -0.40 0.13 0.0 -0.05 0.08
-0.62 0.00 -0.22 0.11 0.05 0.11 0.09
-0.47 0.00 -0.18 0.12 0.03 0.14 0.23
-0.86 0.00 -0.23 0.18 0.12 0.02 0.16
-0.58 0.06 -0.16 0.12 0.04 0.00 0.21
-0.67 -0.04 -0.26 0.06 0.04 0.03 0.08
-0.41 -0.01 -0.15 0.14 0.04 0.02 0.01
-0.64 -0.01 -0.28 0.07 0.02 -0.2 0.1
-0.60 -0.03 -0.24 0.08 -0.01 0.01 0.26
-0.37 -0.05 -0.04 0.10 0.11 0.03 0.02
-0.67 -0.01 -0.33 0.06 0.02 -0.02 0.10
-0.80 -0.08 -0.42 0.17 -0.05 -0.09 0.11
-0.70 -0.06 -0.30 0.06 -0.01 -0.05 0.14
-0.82 -0.04 -0.40 0.11 -0.03 -0.14 0.13
-0.73 -0.05 -0.30 0.07 -0.03 0.04 0.11
-0.87 -0.03 -0.39 0.11 -0.02 -0.08 0.15
-1.0 -0.03 -0.29 0.22 -0.01 -0.13 0.21
-0.35 -0.03 -0.23 0.09 -0.01 0.04 0.11
-0.63 -0.07 -0.28 0.02 0.00 0.00 0.14
-0.32 -0.03 -0.13 0.15 0.04 0.09 0.11
-1.0 -0.05 -0.53 0.02 0.04 -0.33 0.13
-0.35 0.01 -0.20 0.16 0.04 0.10 0.17
-0.89 -0.03 -0.38 0.2 -0.01 -0.08 0.13
-0.34 -0.07 -0.28 0.05 -0.04 -0.10 0.02
-0.81 -0.14 -0.39 0.16 -0.02 -0.09 0.11
-0.68 0.00 -0.28 0.05 0.01 -0.03 0.17
-0.59 -0.12 -0.15 0.03 -0.06 -0.07 -0.02
-0.44 -0.04 -0.27 0.02 -0.02 -0.10 -0.04
-0.19 -0.04 -0.11 -0.02 -0.03 -0.25 -0.02
-0.77 -0.14 -0.40 0.02 -0.04 -0.10 0.10
-0.51 0.00 -0.27 0.10 0.02 -0.04 -0.03
-0.79 -0.06 -0.54 0.02 0.01 0.0 0.17
-0.84 -0.02 -0.25 0.16 0.02 -0.05 0.19
-0.62 -0.03 -0.31 0.09 -0.04 -0.04 0.10
-0.59 -0.01 -0.28 0.09 0.02 0.02 0.10
-0.86 -0.07 -0.35 0.11 -0.06 -0.12 0.10
-0.85 -0.08 -0.43 0.21 0.05 -0.13 0.19
-0.51 0.00 -0.20 0.14 0.05 0.09 0.17
-0.46 0.04 -0.21 0.06 0.03 0.22 0.13
-0.53 0.02 -0.22 0.23 0.03 0.14 0.05
-0.48 -0.02 -0.13 -0.02 0.02 0.05 0.09
-0.57 -0.04 -0.22 0.13 0.02 0.00 0.10
-0.66 0.02 -0.20 0.11 0.04 0.02 0.23
-0.79 0.00 -0.33 0.13 0.03 -0.03 0.09
-0.83 0.07 -0.08 0.06 -0.01 0.02 0.17
-0.74 -0.09 -0.35 0.09 0.02 -0.08 0.12
-0.72 0.02 -0.26 0.10 0.05 0.08 0.17
-0.58 -0.02 -0.18 0.08 0.05 0.04 0.15
-0.83 0.03 -0.32 0.19 0.07 -0.11 0.04
-0.71 -0.09 -0.36 0.09 -0.04 -0.08 0.04
-0.44 0.03 -0.22 0.04 -0.01 0.09 0.04
-0.62 0.00 -0.25 0.12 0.01 -0.02 0.09
-1.1 -0.06 -0.47 0.07 -0.01 -0.33 0.08
-0.14 -0.01 -0.07 0.02 0.0 0.01 0.02
-0.54 0.05 -0.20 0.14 0.10 0.08 0.17
-0.73 -0.05 -0.26 0.11 0.09 0.01 0.09
-0.85 0.00 -0.35 0.20 0.03 -0.09 0.18
-0.75 -0.06 -0.32 0.01 0.01 -0.07 0.14
-0.01 -0.01 -0.09 -0.03 -0.03 -0.01 -0.08
-0.29 0.00 -0.23 0.09 0.03 0.13 0.14
-0.52 0.02 -0.19 0.11 0.05 0.04 0.03
-0.41 -0.03 -0.24 0.12 0.04 0.02 0.26
-0.82 0.04 -0.30 0.23 0.08 -0.2 0.10
-0.51 -0.04 -0.24 0.09 0.04 -0.02 0.09
-0.70 -0.03 -0.29 0.10 0.03 -0.02 0.10
-0.70 -0.11 -0.32 0.08 -0.03 -0.13 0.11
-0.59 0.01 -0.22 0.14 0.05 0.00 0.04
-0.30 -0.03 -0.05 0.12 0.06 0.06 0.04
-0.21 -0.01 -0.12 -0.04 -0.02 -0.04 -0.01
-0.81 -0.09 -0.35 0.07 0.04 -0.07 0.22
-0.76 -0.01 -0.27 0.11 0.03 -0.05 0.14
-0.72 0.05 -0.15 0.14 0.05 -0.06 0.04
-0.27 -0.01 -0.17 0.10 0.01 0.03 0.13
-0.56 -0.09 -0.32 0.10 0.0 -0.03 0.04
-0.29 -0.02 -0.17 0.09 0.03 0.09 0.08
-0.18 0.01 0.02 0.08 0.04 0.08 0.19
-1.6 -0.16 -0.48 0.16 0.00 -0.66 0.56
-1.13 -0.03 -0.44 0.03 0.00 -0.40 0.07
-0.12 -0.04 -0.16 0.02 -0.02 0.05 0.07
-0.95 -0.19 -0.56 -0.06 -0.05 -0.23 0.11
-0.39 -0.02 -0.05 0.12 0.05 0.11 0.13
-1.14 -0.03 -0.28 0.25 0.11 -0.50 0.04
0.14 -0.06 -0.14 -0.03 -0.01 0.04 0.04
-0.38 -0.04 -0.06 0.16 0.04 0.04 0.19
-0.93 -0.12 -0.41 0.04 -0.04 -0.21 0.09
-0.49 0.06 -0.13 0.18 0.09 0.16 0.16
-0.42 -0.03 -0.14 0.09 -0.01 0.01 0.07
-0.63 -0.10 -0.37 0.07 -0.02 -0.11 0.00
-0.64 -0.05 -0.24 0.04 0.0 0.08 0.16
-0.50 -0.01 -0.24 0.12 0.03 0.0 0.07
-0.76 -0.02 -0.31 0.13 0.04 -0.03 0.11
-0.28 -0.01 -0.15 0.08 0.03 0.04 -0.01
-0.65 0.01 -0.23 0.14 0.05 0.07 0.06
-0.49 -0.01 -0.19 0.15 0.04 0.15 0.16
-0.24 -0.01 -0.14 0.06 0.00 0.10 0.19
0.10 0.00 -0.05 -0.04 0.00 -0.02 -0.11
-0.41 -0.05 -0.15 -0.02 -0.04 -0.06 0.06
-0.47 -0.05 -0.19 0.10 0.01 0.10 0.16
-0.03 -0.03 -0.06 0.01 -0.05 0.00 0.07
-0.11 -0.04 -0.07 0.04 0.05 0.02 0.02
-0.39 -0.08 -0.20 -0.02 -0.04 -0.03 0.09
-0.38 -0.05 -0.22 0.09 0.04 0.10 0.12
0.09 0.02 -0.07 0.08 0.06 0.15 0.05
-0.40 -0.05 -0.16 0.17 0.04 0.04 0.13
-1.0 -0.21 -0.52 0.31 -0.01 -30.0 0.03
-0.87 -0.01 -0.41 0.13 -0.06 -0.20 0.14
-0.95 0.09 -0.35 -30.0 0.04 -0.37 -30.0
-1.39 -0.02 -0.28 -30.0 -0.01 -0.32 0.33
-1.01 0.02 -0.48 0.01 -0.03 -0.42 0.15
-2.0 -30.0 -0.47 0.78 -0.06 -30.0 0.17
-0.94 -0.11 -0.42 -0.02 -0.05 -0.34 0.17
-1.50 -0.09 -0.40 -30.0 -0.11 -0.36 0.08
-0.83 -0.35 -0.40 0.26 -0.05 -0.44 0.02
-0.98 -0.07 -0.61 -0.15 -0.08 -0.55 0.12
-1.46 0.18 -0.39 -30.0 0.07 -0.46 0.20
-1.34 -30.0 0.34 0.41 -0.03 -30.0 -0.07
-0.80 0.05 -0.27 0.22 0.04 0.01 0.15
-0.87 -0.07 -0.34 0.20 -0.04 -0.43 0.08
-0.54 -0.08 -0.23 0.05 -0.05 -0.03 0.07
-1.12 -0.08 -0.36 0.14 -0.01 -0.40 0.03
-0.99 -0.06 -0.51 -0.07 -0.12 -0.45 -0.06
-0.73 -0.16 -0.40 0.06 -0.05 -0.22 0.1
-0.95 -0.04 -0.34 -0.06 -0.07 -0.40 -0.03
-0.74 0.00 -0.25 0.10 0.06 0.07 0.06
-0.74 -0.03 -0.19 0.25 0.07 -0.01 0.13
-0.69 -0.11 -0.42 0.11 -0.06 -0.13 0.11
-0.16 -0.06 -0.25 0.0 -0.09 -0.01 -0.07
-0.27 0.00 -0.09 0.02 0.01 -0.02 0.12
0.37 -0.01 0.01 0.03 0.06 0.22 0.18
-0.45 -0.12 -0.26 0.0 -0.02 -0.04 0.03
-0.67 -0.05 -0.33 0.08 0.02 -0.05 0.17
0.15 -0.08 -0.09 -0.01 0.01 -0.01 -0.01
-0.41 -0.01 -0.20 0.12 0.03 0.02 0.11
-0.49 -0.01 -0.19 0.13 0.04 0.15 0.14
-0.87 -0.07 -0.48 0.14 -0.01 -0.15 0.12
-0.05 -0.05 -0.12 -0.01 -0.03 0.01 -0.08
-0.15 -0.03 -0.09 -0.06 -0.05 -0.01 -0.03
-0.30 -0.06 -0.17 -0.04 -0.07 -0.06 -0.07
-0.12 0.04 -0.04 0.02 -0.03 0.08 -0.10
-0.70 0.05 -0.23 0.12 0.01 0.01 0.11
-0.47 -0.03 -0.22 0.19 0.02 0.08 0.10
-0.02 0.00 -0.04 0.04 -0.01 0.05 0.02
0.11 0.00 -0.08 0.07 0.01 0.10 0.02
-0.39 -0.04 -0.21 0.04 -0.04 0.00 0.03
-0.59 -0.02 -0.22 0.17 0.02 0.10 0.09
-0.21 -0.06 -0.13 -0.06 -0.05 -0.03 0.01
-0.23 -0.06 -0.13 -0.05 -0.02 -0.02 0.05
-0.59 0.01 -0.08 0.20 0.06 0.00 0.13
-0.66 -0.02 -0.17 0.12 0.08 0.05 0.16
0.09 -0.03 -0.04 0.04 0.01 0.04 -0.03
-0.43 0.00 -0.22 0.13 0.05 0.11 0.12
-0.20 -0.05 -0.15 0.10 0.03 0.11 0.03
-0.50 -0.01 -0.20 0.06 0.02 0.04 0.06
0.20 0.01 -0.07 1.3 -0.02 0.06 -0.02
-0.54 -0.10 -0.26 0.03 0.0 -0.03 0.06
0.09 -0.06 -0.09 0.0 -0.03 -0.03 0.04
-0.46 -0.01 -0.29 0.04 -0.01 0.11 0.17
-1.53 0.38 -30.0 -30.0 -30.0 -30.0 0.02
-1.88 -30.0 -30.0 0.91 0.44 -30.0 0.33
-0.84 -0.04 -0.43 0.07 -0.07 0.05 0.20
-0.66 -0.08 -0.31 0.07 -0.02 -0.04 0.17
-0.75 -0.05 -0.30 0.18 0.0 -0.21 0.09
-1.47 -0.17 -0.58 -30.0 0.24 -0.16 0.39
-0.84 -0.04 -0.29 0.14 -0.01 -0.03 0.20
-0.65 -0.01 -0.18 0.09 0.06 0.06 0.12
-1.2 0.00 -0.47 0.15 0.01 -0.24 0.22
-0.64 0.21 -0.35 0.17 -0.06 -30.0 0.28
-0.24 -0.04 -0.13 0.01 -0.03 -0.04 0.12
-0.39 0.00 -0.27 0.07 0.03 0.04 0.15
-0.39 0.01 -0.18 0.12 0.0 0.00 0.19
-0.50 -0.04 -0.18 0.17 0.07 0.05 0.10