-0.23 0.14 0.34 0.08 0.15 0.17 0.09 0.04 -0.07 0.04 0.00
-0.65 0.28 0.51 0.19 0.40 0.34 0.25 0.21 0.19 0.27 0.04
-0.50 0.35 0.56 0.06 0.32 0.24 0.18 0.10 0.24 0.19 0.06
-1.24 -30.0 0.71 0.22 0.30 -0.12 0.15 0.29 -0.13 0.24 -30.0
-0.87 0.26 0.49 0.09 0.39 0.24 0.21 0.11 0.12 0.22 0.24
-0.62 0.44 0.56 0.11 0.26 0.30 0.20 0.12 0.11 0.18 0.12
-0.47 0.37 0.51 0.20 0.46 0.32 0.23 0.27 0.22 0.29 0.17
-0.86 0.49 0.72 0.13 0.24 0.30 0.28 0.22 0.18 0.26 0.15
-0.59 0.48 0.79 0.17 0.32 0.26 0.28 0.22 0.29 0.23 0.25
-0.67 0.42 0.59 0.10 0.33 0.23 0.18 0.12 0.17 0.20 0.13
-0.41 0.26 0.48 0.08 0.18 0.19 0.19 0.09 0.22 0.18 0.03
-0.64 0.44 0.68 0.16 0.35 0.35 0.26 0.22 0.08 0.24 0.04
-0.60 0.56 0.58 0.06 -30.0 0.21 0.20 0.08 0.13 0.13 0.07
-0.37 0.69 0.57 -0.01 0.14 0.13 0.15 0.0 0.21 0.05 0.11
-0.67 -30.0 0.70 0.07 0.24 0.25 0.16 0.13 0.19 0.13 0.02
-0.80 0.42 0.71 0.08 0.26 0.16 0.19 0.16 0.08 0.13 0.21
-0.70 0.36 0.64 0.08 0.37 0.21 0.23 0.16 0.18 0.19 0.03
-0.82 -30.0 0.64 0.01 0.28 0.16 0.25 0.12 0.14 0.15 0.06
-0.73 0.34 0.49 0.04 0.16 0.16 0.13 0.10 0.03 0.05 -0.01
-0.87 0.32 0.72 0.10 0.44 0.22 0.24 0.21 0.16 0.21 0.19
-1.03 -30.0 0.87 0.06 0.35 0.33 0.42 0.21 0.11 0.25 0.07
-0.35 0.27 0.51 0.10 0.24 0.25 0.19 0.11 0.12 0.17 0.06
-0.63 0.52 0.63 0.19 0.28 0.25 0.21 0.11 0.20 0.19 -0.02
-0.32 0.29 0.32 0.01 0.24 0.19 0.19 0.13 0.25 0.20 0.19
-1.00 -30.0 0.69 0.12 0.30 0.19 0.23 0.11 0.09 0.19 0.08
-0.35 0.24 0.52 0.05 0.29 0.20 0.21 0.14 0.28 0.22 0.14
-0.89 0.36 0.73 0.12 0.33 0.24 0.25 0.17 0.17 0.23 0.16
-0.34 0.23 0.64 0.18 0.23 0.25 0.15 0.17 0.01 0.12 0.16
-0.81 0.27 0.66 0.15 0.33 0.29 0.17 0.28 0.05 0.14 0.10
-0.68 0.27 0.62 0.17 0.36 0.36 0.20 0.24 -0.02 0.23 0.11
-0.59 0.15 0.30 -0.03 0.12 0.04 0.03 0.04 -0.01 0.05 0.01
-0.44 0.18 0.44 0.04 0.10 0.21 0.11 0.04 -0.02 0.06 -0.01
-0.19 0.04 0.21 -0.14 -0.03 -0.02 0.04 -0.03 0.03 0.04 0.14
-0.77 0.37 0.58 0.06 0.27 0.18 0.15 0.08 0.10 0.13 0.08
-0.51 0.16 0.42 0.06 0.36 0.31 0.20 0.22 0.14 0.24 0.17
-0.79 0.49 0.68 0.11 0.34 0.40 0.20 0.20 0.08 0.20 0.06
-0.84 0.68 0.78 0.22 0.29 0.33 0.35 0.24 0.23 0.15 0.16
-0.62 0.36 0.71 0.15 0.39 0.28 0.21 0.15 0.16 0.19 0.03
-0.59 -30.0 0.57 0.07 0.20 0.26 0.25 0.11 0.14 0.25 0.19
-0.86 0.39 0.64 0.09 0.27 0.24 0.19 0.17 0.12 0.15 0.03
-0.85 0.44 0.68 0.08 0.43 0.25 0.30 0.25 0.22 0.26 0.11
-0.51 0.36 0.58 0.17 0.37 0.32 0.24 0.19 0.11 0.24 0.08
-0.46 0.35 0.57 0.11 0.25 0.32 0.24 0.22 0.15 0.33 0.19
-0.53 -30.0 0.63 0.08 0.30 0.38 0.29 0.20 0.23 0.20 0.20
-0.48 0.34 0.39 0.13 0.13 0.07 0.09 0.06 0.0 -0.03 0.01
-0.57 0.41 0.57 0.06 0.26 0.23 0.19 0.15 0.25 0.33 0.02
-0.66 -30.0 0.58 0.14 0.27 0.22 0.21 0.18 0.20 0.24 0.09
-0.79 0.28 -30.0 0.05 0.28 0.22 0.23 0.21 0.05 0.22 0.05
-0.83 0.47 0.60 0.22 0.38 0.42 0.15 0.30 -0.17 0.22 0.28
-0.74 0.28 0.74 0.15 0.32 0.25 0.25 0.17 0.08 0.17 0.02
-0.72 0.39 0.65 0.08 0.28 0.29 0.21 0.19 0.17 0.21 0.09
-0.58 0.47 0.56 0.07 0.22 0.23 0.21 0.15 0.19 0.22 0.2
-0.83 -30.0 0.87 0.16 0.33 0.34 0.30 0.03 0.03 0.11 0.01
-0.71 0.31 0.57 0.06 0.33 0.16 0.14 0.20 0.05 0.14 -0.01
-0.44 0.33 0.50 0.08 0.20 0.31 0.17 0.10 0.07 0.15 0.09
-0.62 0.23 0.52 0.12 0.28 0.28 0.21 0.20 0.05 0.23 0.11
-1.10 -30.0 0.90 0.05 0.32 0.29 0.39 0.19 0.13 0.12 0.07
-0.14 0.10 0.16 0.02 0.06 0.09 0.03 0.05 0.02 0.0 0.04
-0.54 0.45 0.65 0.12 0.32 0.29 0.30 0.21 0.30 0.25 0.20
-0.73 0.37 0.83 0.14 0.34 0.40 0.31 0.17 0.14 0.19 0.08
-0.85 0.39 0.80 0.16 0.41 1.6 0.27 0.25 0.13 0.24 0.11
-0.75 0.42 0.63 0.05 0.31 0.27 0.20 0.13 0.19 0.15 0.05
-0.01 0.14 0.23 -0.03 -0.03 0.09 0.08 -0.06 0.02 -0.08 -0.03
-0.29 0.22 0.48 0.01 0.25 0.23 0.15 0.11 0.19 0.18 0.12
-0.52 0.35 0.66 0.19 0.31 0.38 0.23 0.24 0.05 0.14 -0.02
-0.41 0.40 0.61 0.07 0.35 0.28 0.22 0.16 0.23 0.18 0.06
-0.82 -30.0 0.42 0.01 0.18 0.26 0.34 0.05 0.30 0.15 0.19
-0.51 0.27 0.57 0.12 0.34 0.35 0.21 0.23 0.12 0.23 -0.01
-0.70 0.40 0.72 0.14 0.36 0.37 0.29 0.23 0.08 0.23 0.11
-0.70 0.49 0.72 0.07 0.31 0.16 0.21 0.14 0.18 0.14 0.07
-0.59 0.43 0.69 0.17 0.35 0.35 0.30 0.23 0.07 0.21 0.14
-0.30 0.37 0.47 -0.12 -30.0 0.06 0.14 0.10 0.16 0.26 0.24
-0.21 0.12 0.22 0.08 0.15 0.16 0.04 0.08 -0.06 0.00 0.04
-0.81 0.41 0.66 0.15 0.43 0.34 0.30 0.18 0.12 0.15 0.20
-0.76 -30.0 0.73 0.13 0.34 0.28 0.28 0.14 0.15 0.21 0.12
-0.72 -30.0 0.11 0.04 0.26 0.17 0.07 0.11 0.30 0.33 0.34
-0.27 0.23 0.45 0.04 0.25 0.24 0.15 0.03 0.10 0.14 0.11
-0.56 0.30 0.68 0.15 0.22 0.31 0.22 0.19 0.07 0.16 0.09
-0.29 0.20 0.34 0.12 0.25 0.25 0.14 0.14 0.06 0.17 0.14
-0.18 0.38 0.45 0.04 -30.0 0.23 0.14 0.10 0.11 0.10 0.07
-1.61 -30.0 1.1 0.25 0.31 -30.0 0.44 0.20 0.22 0.03 0.39
-1.13 -30.0 0.65 0.01 0.34 0.33 0.29 0.25 -0.03 0.15 0.10
-0.12 0.18 0.40 0.05 0.01 0.16 0.14 0.00 0.00 -0.01 0.00
-1.07 0.47 0.75 0.06 0.35 0.26 0.25 0.18 0.06 0.31 0.11
-0.35 0.43 0.34 -0.01 -30.0 0.15 0.15 0.09 0.21 0.20 0.20
-1.14 -30.0 0.73 0.23 0.25 0.26 0.25 0.22 0.09 0.27 0.24
0.14 0.20 0.25 0.00 0.09 0.03 0.07 -0.08 0.08 -0.13 -0.01
-0.38 0.50 0.65 0.02 0.30 0.17 0.26 0.10 0.20 0.12 0.24
-0.93 0.52 0.82 0.06 0.36 0.17 0.21 0.11 0.15 0.12 0.11
-0.45 0.44 0.49 0.17 0.31 0.36 0.23 0.15 0.07 0.18 0.10
-0.42 0.25 0.44 0.07 -30.0 0.21 0.21 0.13 0.14 0.10 0.17
-0.70 -30.0 0.65 0.01 0.30 0.24 0.25 0.12 0.15 0.24 0.21
-0.63 0.42 0.66 0.09 0.29 0.19 0.21 0.16 0.19 0.13 0.03
-0.51 0.38 0.60 0.13 0.31 0.34 0.26 0.21 0.22 0.23 0.13
-0.77 0.46 0.77 0.14 0.33 0.38 0.27 0.17 0.11 0.20 0.10
-0.28 0.37 0.40 0.13 0.19 0.23 0.15 0.08 0.04 0.10 0.04
-0.65 0.34 0.54 0.09 0.39 0.29 0.27 0.19 0.21 0.27 0.20
-0.49 0.33 0.57 0.10 -30.0 0.24 0.23 0.13 0.27 0.22 0.11
-0.24 0.34 0.44 0.05 0.12 0.13 0.14 0.02 0.10 0.05 0.01
0.10 0.02 0.07 0.00 0.07 0.06 0.01 0.00 -0.09 -0.03 -0.02
-0.41 0.15 0.32 0.10 0.15 0.06 0.08 0.02 0.05 0.01 -0.04
-0.47 0.41 0.54 0.08 0.21 0.22 0.21 0.10 0.23 0.15 0.08
-0.03 0.18 0.07 -0.06 0.02 -0.01 0.05 -0.02 0.08 -0.06 0.00
-0.11 0.30 0.47 0.04 0.15 1.3 0.18 -0.03 0.02 -0.13 -0.04
-0.39 0.33 0.52 0.00 0.11 0.19 0.12 0.05 0.16 -0.02 -0.05
-0.38 0.31 0.50 0.04 0.27 0.23 0.18 0.10 0.19 0.16 0.10
0.09 0.50 0.43 0.14 0.04 0.24 0.20 -0.03 0.09 -0.08 -0.01
-0.40 0.35 0.62 0.03 -30.0 0.21 0.24 0.07 0.19 0.17 0.22
-1.04 -30.0 0.47 0.07 0.19 -30.0 0.09 0.11 0.13 0.20 -30.0
-0.87 -30.0 0.71 -0.04 0.26 0.18 0.24 0.18 0.19 0.12 -0.09
-0.95 0.24 0.22 0.07 0.14 -30.0 0.28 0.14 0.07 0.15 -30.0
-1.39 -30.0 1.2 0.41 0.45 -30.0 0.49 0.28 -30.0 0.26 0.33
-1.01 -30.0 0.79 -0.03 0.14 -30.0 0.17 0.16 -0.06 0.16 0.26
-1.98 -30.0 1.1 -30.0 0.21 -30.0 -30.0 0.10 -30.0 0.11 -30.0
-0.94 0.390 0.59 0.08 0.31 0.21 0.18 0.15 -0.01 0.15 0.11
-1.50 -30.0 0.99 0.18 0.36 -30.0 0.34 0.20 0.23 0.10 0.26
-0.83 -30.0 0.67 0.06 0.18 0.13 0.10 0.07 -0.03 0.10 -30.0
-0.98 0.200 0.80 -0.02 0.26 0.12 0.27 0.19 -0.12 0.08 0.10
-1.46 -30.0 1.0 -30.0 -30.0 1.6 0.49 0.32 0.00 0.33 0.00
-1.34 -30.0 0.78 -30.0 0.29 -30.0 0.23 0.26 -0.18 0.26 0.22
-0.80 0.46 0.72 0.14 0.36 0.26 0.24 0.16 0.17 0.21 0.12
-0.87 0.30 0.55 0.02 0.15 0.07 0.15 0.13 0.13 0.12 0.06
-0.54 0.39 0.57 0.05 0.24 0.19 0.15 0.07 0.15 0.08 0.04
-1.12 0.66 0.95 0.11 0.46 0.48 0.36 0.37 -0.06 0.24 0.08
-0.99 -30.0 0.68 0.01 0.20 -30.0 0.14 0.11 0.00 0.08 0.00
-0.79 0.48 0.68 0.07 0.28 0.24 0.24 0.13 0.21 0.15 0.11
-0.95 -30.0 0.40 -0.42 -30.0 -30.0 0.03 0.17 -0.3 -0.12 0.00
-1.78 -30.0 0.67 -30.0 -30.0 -30.0 -30.0 -30.0 -30.0 -30.0 -30.0 
-0.74 0.44 0.68 0.12 0.27 0.31 0.23 0.13 0.18 0.17 0.06
-0.74 -30.0 0.82 0.08 0.40 0.28 0.28 0.13 0.24 0.16 0.20
-0.69 0.40 0.71 0.00 0.25 0.23 0.22 0.09 0.08 0.11 0.02
-0.16 0.08 0.30 0.02 0.17 0.12 0.01 0.04 -0.01 -0.02 0.02
-0.27 0.09 0.19 0.04 0.26 0.17 0.13 0.04 0.06 -0.02 -0.01
0.37 -0.01 0.18 0.31 0.32 0.14 0.12 -0.08 -0.08 -0.17 -0.07
-0.45 0.45 0.52 0.06 0.12 0.18 0.13 -0.01 0.16 0.04 -0.05
-0.65 0.59 0.79 0.09 0.23 0.25 0.28 0.12 0.22 0.14 -0.02
0.15 -0.01 0.17 -0.14 -0.06 -0.06 0.06 -0.14 0.08 -0.07 -0.06
-0.41 0.32 0.65 0.12 0.21 0.25 0.26 0.11 0.27 0.15 0.17
-0.49 0.28 0.48 0.07 -30.0 0.19 0.19 0.08 0.15 0.17 0.11
-0.87 -30.0 0.87 0.14 0.34 0.30 0.26 0.16 0.18 0.17 -0.01
-0.05 0.07 -0.01 -0.08 0.07 0.01 0.06 -0.05 0.03 -0.08 -0.04
-0.15 0.19 0.17 -0.03 0.04 0.01 0.05 -0.02 0.08 -0.08 -0.04
-0.30 0.22 0.36 0.02 0.17 0.12 0.06 0.0 0.00 -0.05 -0.03
-0.12 0.01 0.08 0.03 0.03 0.13 0.04 0.05 -0.12 0.08 0.07
-0.70 0.42 0.68 0.19 0.31 0.32 0.24 0.21 0.08 0.22 0.26
-0.47 0.34 0.53 0.23 0.28 0.29 0.20 0.10 0.22 0.16 0.23
-0.02 0.13 0.26 0.09 0.05 0.16 0.11 -0.01 0.02 -0.05 -0.01
0.11 0.25 0.35 0.11 -0.06 0.15 0.17 -0.03 0.04 -0.11 -0.05
-0.39 0.11 0.24 0.01 0.16 0.06 0.04 0.04 -0.05 0.02 0.03
-0.59 0.53 0.76 0.13 0.31 0.27 0.23 0.11 0.25 0.21 0.10
-0.24 0.16 0.27 0.06 0.15 0.14 0.09 0.03 -0.12 -0.03 0.01
-0.21 0.16 0.19 -0.09 0.13 0.04 0.04 -0.03 0.02 -0.02 0.02
-0.23 0.52 0.41 -0.01 0.16 0.10 0.09 0.04 0.03 -0.08 -0.09
-0.59 0.62 0.63 0.13 0.12 0.26 0.25 0.14 0.21 0.26 0.25
-0.66 0.75 0.73 0.10 0.06 0.34 0.31 0.11 0.26 0.25 0.22
0.09 0.05 0.08 -0.06 0.17 0.06 0.05 -0.02 0.11 0.02 0.03
-0.43 0.35 0.45 0.06 -30.0 0.23 0.19 0.13 0.11 0.21 0.19
-0.20 0.05 0.22 0.0 0.27 0.16 0.13 0.04 0.26 0.11 0.06
-0.50 0.42 0.64 0.12 0.36 0.25 0.20 0.10 0.07 0.09 0.04
0.20 -0.01 -0.06 -0.16 -0.01 -0.05 -0.02 -0.06 0.11 -0.02 0.06
-0.54 0.36 0.72 0.05 0.30 0.15 0.16 0.09 0.34 0.17 0.06
0.09 0.12 0.20 -0.04 0.20 0.05 0.05 -0.03 0.00 -0.11 -0.09
-0.50 0.43 0.60 0.10 0.29 0.21 0.22 0.06 0.19 0.09 0.05
-0.46 0.45 0.53 0.11 0.26 0.19 0.16 0.12 0.16 0.08 0.07
-1.53 -30.0 0.78 -30.0 0.18 0.65 0.77 0.20 0.24 0.28 -30.0
-1.88 -30.0 0.58 -30.0 -30.0 -30.0 0.64 0.28 -30.0 0.50 -30.0
-0.84 0.67 0.93 0.08 0.42 0.41 0.38 0.28 0.20 0.23 0.00
-0.66 -30.0 0.63 0.05 0.29 0.12 0.18 0.13 0.19 0.18 0.08
-0.75 0.50 0.83 0.04 0.23 0.25 0.25 0.19 0.13 0.13 0.08
-1.47 -30.0 0.95 -30.0 0.40 -30.0 0.55 0.20 -30.0 0.22 0.34
-0.84 0.52 0.71 0.05 0.29 0.32 0.17 0.13 0.12 0.24 0.06
-0.65 0.39 0.66 0.10 0.21 0.24 0.22 0.11 0.22 0.18 0.08
-1.25 -30.0 1.4 0.14 0.44 0.42 0.53 0.26 0.08 0.11 -0.02
-0.64 -30.0 0.82 0.07 0.22 0.35 0.27 0.05 0.27 0.14 0.10
-0.39 0.41 0.66 0.04 0.23 0.33 0.23 0.12 0.20 0.13 0.07
-0.39 0.34 0.60 0.13 0.25 0.35 0.25 0.17 0.16 0.17 0.11
