     0     1    1.2489692212E+00
    30    44    1.1481874284E-05
    30    45    6.3162544104E-03
    30    46    1.3243257563E-03
    30    47    6.3751801749E-03
    30    48    1.4187275483E-03
    30    49    6.3956977657E-03
    30    50    2.3065974945E-03
    30    51    5.6303502123E-03
    30    52    1.4038076766E-03
    31    44    3.9555007480E-06
    31    45    1.3922133005E-02
    31    46    4.6908246013E-03
    31    47    1.3835395961E-02
    31    48    4.7639829769E-03
    31    49    1.3729645621E-02
    31    50    5.5228560822E-03
    31    51    1.2942123878E-02
    31    52    6.0399215216E-03
    31    53    1.2344147043E-02
    31    54    4.7387607012E-03
    32    43    4.9899777784E-08
    32    44    6.4414936223E-04
    32    45    3.1471257712E-03
    32    46    2.3144252792E-03
    32    47    1.1356537769E-02
    32    48    2.4666908124E-03
    32    49    1.1537282067E-02
    32    50    2.8582197225E-03
    32    51    2.9790003762E-03
    32    52    1.2002068038E-03
    32    53    2.8502082889E-03
    32    54    1.4131543411E-03
    32    55    2.6582308623E-03
    32    56    7.5248167391E-04
    33    44    2.7036977904E-06
    33    45    6.4488292682E-03
    33    46    1.9843399798E-03
    33    47    6.4256489166E-03
    33    48    8.4711787263E-03
    33    49    6.4243034494E-03
    33    50    8.8511344505E-03
    33    51    6.1615595557E-03
    33    52    2.4873617065E-03
    33    53    5.8883030853E-03
    33    54    2.7101258949E-03
    33    55    5.6003929303E-03
    33    56    2.9231297892E-03
    33    57    5.2362125730E-03
    34    44    2.2586477962E-06
    34    45    1.0870894544E-03
    34    46    2.2166225010E-04
    34    47    1.1154461013E-03
    34    48    1.3231545558E-03
    34    49    1.1398497763E-03
    34    50    1.4725229097E-03
    34    51    1.0845931620E-03
    34    52    3.7293688005E-04
    34    53    1.0598612149E-03
    34    54    4.2737405193E-04
    34    55    1.0164947360E-03
    34    56    4.8970920984E-04
    34    57    9.4906391056E-04
    34    58    5.6358359956E-04
    34    59    8.4317098006E-04
    35    45    5.7998301202E-08
    35    46    5.5010351008E-04
    35    47    2.1278678169E-03
    35    48    5.7335151820E-04
    35    49    2.1289097549E-03
    35    50    6.6814484098E-04
    35    51    2.0798957842E-03
    35    52    7.2615120550E-04
    35    53    2.0238186535E-03
    35    54    3.5210853837E-03
    35    55    9.2484340586E-03
    35    56    3.7830357700E-03
    35    57    9.0089068323E-03
    35    58    3.5036971233E-03
    35    59    1.6819959686E-03
    35    60    5.5267727884E-04
    36    45    2.0139192267E-08
    36    46    4.0088047136E-05
    36    47    2.3884126204E-04
    36    48    4.5034962986E-05
    36    49    2.4783748594E-04
    36    50    6.1513442984E-05
    36    51    2.4776458843E-04
    36    52    4.6210786687E-04
    36    53    1.7118884588E-03
    36    54    5.2386427800E-04
    36    55    1.7037870968E-03
    36    56    5.9700718023E-04
    36    57    1.6816281247E-03
    36    58    6.8632755894E-04
    36    59    1.6345076437E-03
    36    60    7.6638163327E-04
    36    61    1.5635436595E-03
    36    62    4.7557847520E-05
    37    47    4.6517763330E-08
    37    48    9.2459021435E-05
    37    49    4.2920772922E-04
    37    50    1.1189390103E-04
    37    51    4.2226862499E-04
    37    52    1.0031792090E-03
    37    53    3.2546593027E-03
    37    54    1.0715951767E-03
    37    55    3.2348723627E-03
    37    56    1.1698759025E-03
    37    57    3.1732537056E-03
    37    58    1.2719630434E-03
    37    59    3.0922958080E-03
    37    60    1.3652808117E-03
    37    61    3.0078920562E-03
    37    62    9.9059935914E-04
    38    48    2.8118470783E-07
    38    49    2.8435236593E-05
    38    50    5.9685084803E-06
    38    51    2.9423651003E-05
    38    52    9.8082398833E-05
    38    53    4.2466848197E-04
    38    54    1.1436157762E-04
    38    55    4.3440630984E-04
    38    56    1.3069185588E-04
    38    57    4.3874604571E-04
    38    58    1.4952086315E-04
    38    59    4.3731772548E-04
    38    60    1.7163267786E-04
    38    61    4.2963552976E-04
    38    62    1.9747360243E-04
    38    63    4.0821757760E-04
    39    50    1.5847201464E-06
    39    51    4.3586374024E-05
    39    52    1.0524064550E-05
    39    53    4.4844867388E-05
    39    54    2.0968505769E-04
    39    55    7.5193262657E-04
    39    56    2.3485143667E-04
    39    57    7.5978341042E-04
    39    58    2.5763794321E-04
    39    59    7.5332623744E-04
    39    60    2.8407861142E-04
    39    61    7.3883865996E-04
    39    62    3.1475860705E-04
    39    63    7.1494728882E-04
    39    64    2.0163387011E-04
    40    51    2.8920486446E-09
    40    52    3.0564025694E-07
    40    53    1.7682715309E-06
    40    54    1.4258473154E-05
    40    55    6.4937337475E-05
    40    56    1.7281464089E-05
    40    57    6.8486244268E-05
    40    58    2.0116815178E-05
    40    59    7.0194148336E-05
    40    60    2.3342157925E-05
    40    61    7.0923238904E-05
    40    62    2.6667367255E-05
    40    63    6.9110933517E-05
    40    64    3.0553894120E-05
    40    65    6.7860287794E-05
    40    66    1.5623961922E-05
    41    53    4.5109499628E-09
    41    54    4.2783968163E-07
    41    55    2.2603553433E-06
    41    56    2.5927481151E-05
    41    57    1.0261092720E-04
    41    58    3.1327035239E-05
    41    59    1.0990778392E-04
    41    60    3.5223238918E-05
    41    61    1.1039759844E-04
    41    62    3.9289380266E-05
    41    63    1.0783605125E-04
    41    64    4.3860328288E-05
    41    65    1.0443388733E-04
    41    66    2.8407934365E-06
    41    67    5.9917220800E-06
    41    68    1.2938437022E-06
    42    55    1.0356981803E-08
    42    56    1.0627317494E-06
    42    57    5.2865444125E-06
    42    58    1.3752309359E-06
    42    59    6.4303420510E-06
    42    60    1.7684059276E-06
    42    61    6.7189107590E-06
    42    62    2.0861730396E-06
    42    63    6.9532190131E-06
    42    64    1.4277293628E-06
    42    65    9.2009174131E-07
    42    66    3.7174812565E-07
    42    67    9.2453795032E-07
    42    68    4.2166939580E-07
    42    69    9.2396974225E-07
    42    70    1.7371590762E-07
    43    58    4.2736645031E-07
    43    59    7.0342030895E-06
    43    60    1.6403022472E-06
    43    61    4.1800340281E-06
    43    62    1.2364706758E-06
    43    63    4.3083505902E-06
    43    64    1.4216895709E-06
    43    65    4.3728838680E-06
    43    66    1.6247510789E-06
    43    67    4.3720131020E-06
    43    68    1.8002380519E-06
    43    69    4.3440943602E-06
    43    70    2.0387548630E-06
    43    71    4.2118582727E-06
    43    72    9.3361043581E-07
    44    61    2.4763013923E-09
    44    62    1.4865722272E-07
    44    63    6.2874246733E-07
    44    64    1.7827836264E-07
    44    65    6.6477112438E-07
    44    66    2.1150244375E-07
    44    67    6.9036682248E-07
    44    68    2.4856117617E-07
    44    69    7.0420010870E-07
    44    70    2.8220257061E-07
    44    71    7.1284306275E-07
    44    72    3.1783363902E-07
    44    73    6.9779726168E-07
    45    63    1.1995529353E-08
    45    64    7.1590496372E-07
    45    65    2.7179218290E-06
    45    66    8.2412264835E-07
    45    67    2.7934046867E-06
    45    68    9.4233741628E-07
    45    69    2.8287745075E-06
    45    70    1.0715816828E-06
    45    71    2.8225135266E-06
    45    72    1.1830145107E-06
    45    73    2.8007966696E-06
    45    74    1.2998283807E-06
    45    75    2.6888416644E-06
    46    64    2.9519091766E-08
    46    65    3.8115653897E-07
    46    66    1.0201079715E-07
    46    67    4.0795014614E-07
    46    68    1.1876579961E-07
    46    69    4.3149873170E-07
    46    70    1.3980650575E-07
    46    71    4.4620587179E-07
    46    72    1.5941119694E-07
    46    73    4.5778255860E-07
    46    74    1.8459563805E-07
    46    75    4.5221261560E-07
    46    76    1.6745523326E-08
    47    66    1.3318113862E-07
    47    67    1.8248308575E-06
    47    68    5.2501355212E-07
    47    69    1.8956861257E-06
    47    70    5.8993592737E-07
    47    71    1.9528173002E-06
    47    72    6.7087249206E-07
    47    73    1.9723546665E-06
    47    74    7.4315915152E-07
    47    75    1.9690663291E-06
    47    76    4.4119605967E-07
    47    77    1.0565845413E-06
    47    78    1.7029727709E-08
    48    67    9.9011611335E-10
    48    68    6.3685883932E-08
    48    69    2.7711564024E-07
    48    70    7.5937009049E-08
    48    71    2.9481332701E-07
    48    72    8.4472685903E-08
    48    73    3.0825809886E-07
    48    74    2.3901836827E-08
    48    75    1.1534936922E-07
    48    76    1.7180740312E-09
    48    77    6.5442185639E-09
    48    78    1.1552957850E-10
    48    79    5.2901444252E-09
    48    80    1.3188980382E-03
    48    81    1.0202722990E-02
    49    69    6.1633114715E-09
    49    70    3.7668690980E-07
    49    71    1.4666679714E-06
    49    72    4.3168897671E-07
    49    73    1.5110293782E-06
    49    74    2.2096588733E-07
    49    75    9.6824176093E-07
    49    76    9.8996950382E-03
    49    77    3.5899398926E-02
    49    78    1.0050713672E-02
    49    79    3.5872111071E-02
    49    80    1.5108961203E-02
    49    81    5.2716975455E-02
    49    82    1.5420362350E-02
    49    83    5.1415286372E-02
    49    84    1.4864002331E-02
    50    71    9.0463912791E-11
    50    72    9.8343929918E-09
    50    73    7.9621012535E-08
    50    74    4.2435695900E-09
    50    75    9.8560693487E-03
    50    76    1.2297003380E-03
    50    77    1.0016885334E-02
    50    78    2.3851275848E-03
    50    79    1.5402010008E-02
    50    80    2.3852741871E-03
    50    81    1.5251979756E-02
    50    82    2.7427857059E-03
    50    83    1.4859567601E-02
    50    84    2.7604356072E-03
    50    85    4.2764580105E-03
    50    86    9.2089394785E-04
    51    73    1.7453431184E-09
    51    74    9.7995254580E-03
    51    75    3.6031810961E-02
    51    76    9.9674312413E-03
    51    77    3.5980463890E-02
    51    78    1.5204048711E-02
    51    79    5.0088399835E-02
    51    80    1.5098012029E-02
    51    81    4.9444835000E-02
    51    82    1.5247299796E-02
    51    83    4.8781857770E-02
    51    84    1.5387920022E-02
    51    85    4.8265253890E-02
    51    86    1.5584837248E-02
    51    87    1.1940109659E-02
    51    88    4.2949171847E-03
    52    75    9.5063897357E-12
    52    76    1.2453593769E-03
    52    77    1.4635159149E-02
    52    78    2.4491008808E-03
    52    79    1.4575919749E-02
    52    80    2.4798834158E-03
    52    81    1.4572615285E-02
    52    82    2.6625831116E-03
    52    83    1.4472261221E-02
    52    84    2.7887391260E-03
    52    85    1.4443677531E-02
    52    86    2.8996229553E-03
    52    87    3.6544417527E-03
    52    88    1.4513347284E-03
    52    89    3.4583603930E-03
    53    76    7.0377793757E-07
    53    77    4.6240998827E-02
    53    78    1.3857066591E-02
    53    79    4.5779318368E-02
    53    80    1.3900505268E-02
    53    81    4.5424461209E-02
    53    82    1.4075363179E-02
    53    83    4.5043215302E-02
    53    84    1.4219667333E-02
    53    85    4.4758369846E-02
    53    86    1.4408277117E-02
    53    87    4.4473435249E-02
    53    88    1.4634669374E-02
    53    89    8.3031614188E-03
    53    90    3.8279833175E-03
    53    91    8.0221117131E-03
    54    77    5.8384130017E-08
    54    78    2.1165572328E-03
    54    79    1.3119239574E-02
    54    80    2.1791634226E-03
    54    81    1.3215300760E-02
    54    82    2.3163935093E-03
    54    83    1.3254055804E-02
    54    84    2.4145035800E-03
    54    85    1.3330357300E-02
    54    86    2.5316523566E-03
    54    87    1.3390679226E-02
    54    88    2.6427771429E-03
    54    89    2.4607444202E-03
    54    90    1.0408072166E-03
    54    91    2.3995164887E-03
    54    92    7.6206333597E-04
    55    77    4.1092341015E-08
    55    78    2.1545635950E-03
    55    79    4.2009144356E-02
    55    80    1.2476439338E-02
    55    81    4.1810654556E-02
    55    82    1.2673636396E-02
    55    83    4.1590603070E-02
    55    84    1.2837090751E-02
    55    85    4.1423638854E-02
    55    86    1.3014611173E-02
    55    87    4.1269445344E-02
    55    88    1.2938975521E-02
    55    89    5.1400566286E-03
    55    90    2.3000044902E-03
    55    91    5.0307345401E-03
    55    92    2.4016812098E-03
    55    93    4.8749333371E-03
    55    94    1.9704553862E-03
    56    79    9.7069558244E-08
    56    80    4.1874642149E-04
    56    81    1.4855261549E-03
    56    82    1.9072631073E-03
    56    83    1.2053653012E-02
    56    84    2.0012754423E-03
    56    85    1.2180323423E-02
    56    86    2.0950758976E-03
    56    87    1.4001350003E-03
    56    88    5.2777023455E-04
    56    89    1.3732483904E-03
    56    90    5.5171524749E-04
    56    91    1.3509246783E-03
    56    92    5.9414725594E-04
    56    93    1.3131715073E-03
    56    94    4.2738160513E-04
    57    80    2.3449092900E-06
    57    81    2.8593109144E-03
    57    82    1.0251725203E-03
    57    83    2.7975441753E-03
    57    84    1.0446044321E-03
    57    85    2.7497270722E-03
    57    86    1.0682853889E-03
    57    87    2.7055420016E-03
    57    88    1.0989135552E-03
    57    89    2.6581602391E-03
    57    90    1.1576571805E-03
    57    91    2.6153856859E-03
    57    92    1.2069960757E-03
    57    93    2.5498025385E-03
    57    94    1.2324698360E-03
    57    95    2.4457587200E-03
    58    82    1.4639422803E-05
    58    83    6.0922438696E-04
    58    84    1.8873860827E-04
    58    85    6.0827904520E-04
    58    86    2.0217257693E-04
    58    87    6.0350672365E-04
    58    88    2.1508792354E-04
    58    89    5.9888232501E-04
    58    90    2.2871479808E-04
    58    91    5.9569801103E-04
    58    92    2.4526934319E-04
    58    93    5.8504640138E-04
    58    94    2.6188130730E-04
    58    95    5.6330199825E-04
    59    83    1.4855836277E-06
    59    84    3.8598701471E-04
    59    85    1.1197936750E-03
    59    86    3.9873993983E-04
    59    87    1.1117856027E-03
    59    88    4.1755575833E-04
    59    89    1.0969332678E-03
    59    90    4.4294969656E-04
    59    91    1.0976355822E-03
    59    92    4.5785946831E-04
    59    93    1.0850169841E-03
    59    94    4.7854902151E-04
    59    95    1.0464635712E-03
    59    96    3.7706849100E-04
    60    85    5.6662495546E-07
    60    86    5.9069927640E-05
    60    87    1.9594862971E-04
    60    88    6.3460726183E-05
    60    89    1.9739047473E-04
    60    90    6.9557579293E-05
    60    91    1.9668871142E-04
    60    92    7.3835983732E-05
    60    93    1.9737024943E-04
    60    94    7.9908987104E-05
    60    95    1.9301568745E-04
    61    87    1.0068683118E-06
    61    88    1.1613325063E-04
    61    89    3.4371378949E-04
    61    90    1.2404451065E-04
    61    91    3.4170065190E-04
    61    92    1.2960654562E-04
    61    93    3.4137826486E-04
    61    94    1.3750436691E-04
    61    95    3.3422406880E-04
