     0     1    2.4760737040E+00
    28    39    6.1688044843E-08
    28    40    2.8838846244E-06
    29    39    2.4845070425E-07
    29    40    2.3752722289E-05
    29    41    4.6417862798E-07
    29    42    2.5842203148E-05
    30    39    1.5587681181E-08
    30    40    2.5884654176E-06
    30    41    2.8044595353E-02
    30    42    5.2376375127E-03
    30    43    4.8823065230E-02
    30    44    5.6558902703E-03
    31    41    1.5682515810E-07
    31    42    4.2598396284E-02
    31    43    1.6411713624E-01
    31    44    4.3697594523E-02
    31    45    1.6330151915E-01
    31    46    4.4637137648E-02
    31    47    5.2592851842E-02
    31    48    1.5515537003E-02
    32    41    8.9120511682E-08
    32    42    5.0744340732E-03
    32    43    3.4596578790E-02
    32    44    5.5265458130E-03
    32    45    3.5416356463E-02
    32    46    5.9635650526E-03
    32    47    3.6064255333E-02
    32    48    6.4067503431E-03
    32    49    3.6510924069E-02
    32    50    2.0646636747E-03
    33    41    3.9473397471E-08
    33    42    5.9305691977E-03
    33    43    9.1837319214E-02
    33    44    2.5885899824E-02
    33    45    9.1683506494E-02
    33    46    2.6561342906E-02
    33    47    9.1342245845E-02
    33    48    2.7150378715E-02
    33    49    9.0852976137E-02
    33    50    2.8629886917E-02
    33    51    2.2431750006E-02
    33    52    6.6564938742E-03
    34    42    4.4349831884E-06
    34    43    3.2746306832E-03
    34    44    3.0606280314E-03
    34    45    1.7818319457E-02
    34    46    3.3243633112E-03
    34    47    1.8264519340E-02
    34    48    3.5784567857E-03
    34    49    1.8602886578E-02
    34    50    4.5324253648E-03
    34    51    1.8153741849E-02
    34    52    4.2939115419E-03
    34    53    3.3563502060E-03
    34    54    7.2052800935E-04
    35    43    1.0471818858E-07
    35    44    1.6150366103E-03
    35    45    4.1098162871E-02
    35    46    1.1332357700E-02
    35    47    4.1205735814E-02
    35    48    1.1688229307E-02
    35    49    4.1159707919E-02
    35    50    1.2612111587E-02
    35    51    4.0407082053E-02
    35    52    1.3339085239E-02
    35    53    3.9632303690E-02
    35    54    1.2931095537E-02
    35    55    6.7273684547E-03
    35    56    1.8650269993E-03
    36    44    2.2279426477E-06
    36    45    6.8291734162E-04
    36    46    1.1468444660E-03
    36    47    6.5429310784E-03
    36    48    1.2544318800E-03
    36    49    6.7438705269E-03
    36    50    1.5250820977E-03
    36    51    6.7341366726E-03
    36    52    1.7278512858E-03
    36    53    6.7255101809E-03
    36    54    1.9889529423E-03
    36    55    6.5831622936E-03
    36    56    2.9559170050E-04
    36    57    7.0546482381E-04
    36    58    1.4679658250E-04
    37    45    8.2321767582E-08
    37    46    2.5752171564E-04
    37    47    1.3650115696E-02
    37    48    3.4432986704E-03
    37    49    1.3787191465E-02
    37    50    3.7689356212E-03
    37    51    1.3668717947E-02
    37    52    4.0116809386E-03
    37    53    1.3526031552E-02
    37    54    4.2586089876E-03
    37    55    1.3290328634E-02
    37    56    3.9307323920E-03
    37    57    1.3063793621E-03
    37    58    5.5671755913E-04
    37    59    1.2037921287E-03
    38    46    5.2151316562E-07
    38    47    7.6794381579E-05
    38    48    2.6274501362E-04
    38    49    1.5932853489E-03
    38    50    3.2599358121E-04
    38    51    1.6281732284E-03
    38    52    3.7311239573E-04
    38    53    1.6582191394E-03
    38    54    4.2929354299E-04
    38    55    1.6608714783E-03
    38    56    4.8422952425E-04
    38    57    1.6443704162E-03
    38    58    3.6106008492E-04
    38    59    8.9528388634E-05
    38    60    3.7412568310E-05
    38    61    8.2324281475E-05
    39    47    2.3063687971E-08
    39    48    2.0694582895E-05
    39    49    1.3478597760E-04
    39    50    6.9438194211E-04
    39    51    3.0249317242E-03
    39    52    7.6205996840E-04
    39    53    3.0407959085E-03
    39    54    9.4074740999E-04
    39    55    2.3673211767E-02
    39    56    7.0163570249E-03
    39    57    2.2198210418E-02
    39    58    6.7757674307E-03
    39    59    2.0165209752E-02
    39    60    4.7804923618E-03
    39    61    1.2806156614E-04
    39    62    2.6251769150E-05
    40    48    4.2186608871E-08
    40    49    4.0670262896E-06
    40    50    5.4159713210E-06
    40    51    2.2496777092E-04
    40    52    4.4825961595E-05
    40    53    2.3652269936E-04
    40    54    1.0437423920E-04
    40    55    3.4708254609E-03
    40    56    7.7521470020E-04
    40    57    3.2015525831E-03
    40    58    7.5667191310E-04
    40    59    2.7955150179E-03
    40    60    6.6342295936E-04
    40    61    1.9800792158E-03
    40    62    3.2968707191E-04
    40    63    5.0705535253E-06
    40    64    8.0129291466E-07
    41    49    1.5978363705E-09
    41    50    8.7348137399E-07
    41    51    5.7415849648E-06
    41    52    9.5087722537E-06
    41    53    3.8035758918E-04
    41    54    1.3887301349E-04
    41    55    6.5366400421E-03
    41    56    1.6642369033E-03
    41    57    5.9375980810E-03
    41    58    1.5422966862E-03
    41    59    5.0532376809E-03
    41    60    1.3085139572E-03
    41    61    3.8070807662E-03
    41    62    7.9691854028E-04
    41    63    1.7989865880E-03
    41    64    1.9749832546E-04
    41    65    5.4959391820E-06
    42    51    9.9354683469E-11
    42    52    1.3459387349E-08
    42    53    1.2659116854E-07
    42    54    1.3369808129E-05
    42    55    6.3593956365E-04
    42    56    1.2200622701E-04
    42    57    5.6130498134E-04
    42    58    1.1107342028E-04
    42    59    4.4186447969E-04
    42    60    8.4229231391E-05
    42    61    2.7572772249E-04
    42    62    3.8628845558E-05
    42    63    7.3521713164E-05
    42    64    4.1365935254E-06
    42    65    1.1759740692E-05
    42    66    4.2732449969E-08
    42    67    1.0922984142E-07
    43    52    3.1477070314E-09
    43    53    9.7099545868E-08
    43    54    1.6095515289E-08
    43    55    6.8491987143E-07
    43    56    2.1567750199E-04
    43    57    8.9823588760E-04
    43    58    1.8374318419E-04
    43    59    6.5842572021E-04
    43    60    1.1963630371E-04
    43    61    3.3935847892E-04
    43    62    3.7248902767E-05
    43    63    5.6674077781E-05
    43    64    8.0606253047E-06
    43    65    2.7790394776E-05
    43    66    5.1198195665E-06
    43    67    2.4387614092E-06
    43    68    1.2326684566E-08
    44    53    6.2645278987E-13
    44    54    9.2038822361E-11
    44    55    8.6348947858E-10
    44    56    1.2037025782E-06
    44    57    4.5504501287E-05
    44    58    6.6876254022E-06
    44    59    2.8263796890E-05
    44    60    3.0208834465E-06
    44    61    8.1478749664E-06
    44    62    4.4314617490E-07
    44    63    1.8801096354E-06
    44    64    4.0007264820E-07
    44    65    1.3405982392E-06
    44    66    1.7672595074E-06
    44    67    1.0492897212E-05
    44    68    3.9528064993E-08
    44    69    7.2093617936E-10
    45    55    5.7532908699E-13
    45    56    7.7883987736E-11
    45    57    4.8729086410E-08
    45    58    7.5357332209E-06
    45    59    2.6510155778E-05
    45    60    2.0546544735E-06
    45    61    3.2550554901E-06
    45    62    7.3294227261E-07
    45    63    3.5202313043E-06
    45    64    9.6189540882E-07
    45    65    5.0615760267E-06
    45    66    6.5917661746E-06
    45    67    3.6273547221E-05
    45    68    1.1127878247E-05
    45    69    1.2661339047E-06
    45    70    2.2025056588E-07
    46    57    2.1688702131E-15
    46    58    2.8977369142E-13
    46    59    6.9628664824E-11
    46    60    1.1197158844E-08
    46    61    1.3120497415E-07
    46    62    2.5674595050E-08
    46    63    1.5046356374E-07
    46    64    7.7078791977E-08
    46    65    6.5048398401E-07
    46    66    4.1881505156E-07
    46    67    2.3459592616E-06
    46    68    5.3226608164E-07
    46    69    1.4123679682E-07
    46    70    4.3419801641E-08
    46    71    1.4677695791E-07
    46    72    9.4452323660E-10
    47    58    3.7604801881E-14
    47    59    1.1282910539E-12
    47    60    2.0334172681E-09
    47    61    5.0062556601E-08
    47    62    4.1343159799E-08
    47    63    7.2855274646E-07
    47    64    3.1524326044E-07
    47    65    2.1954810902E-06
    47    66    8.4938059841E-07
    47    67    4.4721030549E-06
    47    68    1.5751371480E-06
    47    69    6.6611993170E-06
    47    70    2.2048441078E-07
    47    71    7.8122452565E-07
    47    72    3.4026300785E-08
    47    73    1.5648442401E-07
    48    60    6.3619797635E-17
    48    61    1.9047035067E-15
    48    62    4.0765124517E-10
    48    63    9.9469766417E-09
    48    64    1.6278835108E-08
    48    65    1.1531838856E-07
    48    66    3.0817011364E-08
    48    67    1.8537377494E-07
    48    68    3.6145697197E-08
    48    69    7.9474729753E-08
    48    70    9.1792201882E-10
    48    71    5.9637448703E-09
    48    72    1.2900233101E-10
    48    73    8.4028588704E-10
    48    74    2.7101409578E-10
    48    75    1.6799714985E-09
    48    76    5.3266852734E-16
    48    77    2.3861440951E-15
    49    62    1.6116154061E-06
    49    63    1.5229625345E-04
    49    64    3.0742001007E-05
    49    65    1.8914341148E-04
    49    66    4.3194996351E-05
    49    67    2.9337765715E-04
    49    68    8.8828752910E-05
    49    69    1.1398220029E-03
    49    70    4.5075252516E-04
    49    71    2.6127288163E-03
    49    72    4.6989120915E-04
    49    73    1.1316820074E-03
    49    74    9.9720096159E-05
    49    75    2.8427471470E-04
    49    76    5.8548382941E-05
    49    77    1.7836102180E-04
    49    78    4.8672266530E-05
    49    79    1.3907722564E-04
    50    64    5.6028464321E-07
    50    65    3.6861186066E-05
    50    66    7.7232002794E-06
    50    67    7.6579530281E-05
    50    68    2.8102924006E-05
    50    69    4.5696882755E-04
    50    70    5.6007726791E-06
    50    71    4.6700320140E-04
    50    72    3.0605130216E-05
    50    73    7.9955543243E-05
    50    74    2.0533035666E-05
    50    75    9.1149145077E-05
    50    76    2.1595593451E-05
    50    77    9.9744708340E-05
    50    78    3.2023051626E-05
    50    79    1.6669913810E-04
    50    80    7.1562971008E-06
    50    81    2.1477885537E-05
    51    68    5.8771976452E-09
    51    69    1.2974789136E-07
    51    70    8.8248431599E-06
    51    71    1.0665356882E-03
    51    72    9.2033390091E-05
    51    73    5.3789958378E-04
    51    74    1.1062859156E-04
    51    75    5.1083480258E-04
    51    76    1.3091303311E-04
    51    77    6.7061144559E-04
    51    78    2.2491731658E-04
    51    79    2.2283132707E-03
    51    80    6.5982358988E-04
    51    81    3.4381453845E-03
    51    82    4.8293297565E-05
    51    83    7.6673822027E-05
    52    69    1.1431724538E-13
    52    70    1.0354896136E-11
    52    71    4.8618510124E-08
    52    72    7.2625459558E-06
    52    73    3.1381237368E-05
    52    74    1.6249615025E-05
    52    75    9.6140719966E-05
    52    76    2.2976266764E-05
    52    77    1.6787411323E-04
    52    78    5.8591591940E-05
    52    79    5.7732792415E-04
    52    80    8.5645716591E-05
    52    81    5.8187833005E-04
    52    82    6.6691431475E-05
    52    83    1.3434569535E-05
    52    84    2.5756757467E-06
    53    71    1.2373940147E-07
    53    72    2.7597004659E-05
    53    73    1.1173657373E-04
    53    74    1.0268944682E-04
    53    75    6.3840595370E-04
    53    76    1.8164063688E-04
    53    77    2.2077786136E-03
    53    78    6.0074881525E-04
    53    79    3.4322269033E-03
    53    80    6.2085689588E-04
    53    81    2.8740792361E-03
    53    82    2.9027531869E-04
    53    83    5.6843470701E-04
    53    84    1.0652411537E-04
    53    85    5.0763808192E-05
    53    86    1.1637812531E-05
    54    72    3.2566772817E-07
    54    73    1.3151953119E-05
    54    74    3.9509220086E-06
    54    75    1.6120988810E-04
    54    76    4.8275471526E-05
    54    77    5.6988099917E-04
    54    78    7.1936377986E-05
    54    79    5.7891413139E-04
    54    80    6.6873998954E-05
    54    81    1.8240216659E-04
    54    82    3.1923304187E-05
    54    83    8.0109999051E-05
    54    84    2.5228757867E-05
    54    85    5.7873455568E-05
    54    86    3.7935312992E-06
    54    87    7.2424771958E-06
    54    88    1.4593106398E-06
    55    73    4.6039757088E-08
    55    74    8.4343639659E-06
    55    75    3.8563873069E-05
    55    76    5.6796635699E-04
    55    77    3.3777828569E-03
    55    78    5.8225960583E-04
    55    79    2.8403779430E-03
    55    80    1.9531796912E-04
    55    81    6.1482219906E-04
    55    82    1.3349233302E-04
    55    83    3.5659005785E-04
    55    84    1.1075991574E-04
    55    85    2.7783861449E-04
    55    86    6.1954069652E-05
    55    87    2.5210478933E-05
    55    88    1.3098207872E-05
    55    89    2.3187331337E-05
    56    74    1.0069996605E-07
    56    75    4.1292007581E-06
    56    76    1.6102383643E-06
    56    77    5.6703247259E-04
    56    78    6.0575357844E-05
    56    79    1.7864036770E-04
    56    80    1.8667688249E-05
    56    81    8.5222402621E-05
    56    82    1.7975191308E-05
    56    83    5.9052421554E-05
    56    84    1.6772922220E-05
    56    85    4.9073959166E-05
    56    86    1.6674970251E-05
    56    87    4.3023012818E-05
    56    88    1.4752445986E-06
    56    89    3.1336546220E-06
    56    90    6.2234400454E-07
    57    76    2.7041326783E-07
    57    77    1.2104829481E-05
    57    78    1.8114355761E-04
    57    79    5.9658941614E-04
    57    80    9.0073887495E-05
    57    81    3.6979820275E-04
    57    82    8.4171633060E-05
    57    83    2.7879910083E-04
    57    84    7.8192029070E-05
    57    85    2.3732075371E-04
    57    86    7.6660799155E-05
    57    87    2.1005641997E-04
    57    88    4.1859733590E-06
    57    89    9.4793564563E-06
    57    90    4.3698455390E-06
    57    91    9.1924697510E-06
    57    92    2.0641039287E-06
    58    77    1.5694812241E-09
    58    78    1.9730571099E-07
    58    79    1.1129703370E-06
    58    80    1.1627952517E-05
    58    81    6.1187276959E-05
    58    82    1.2697929444E-05
    58    83    4.9536988843E-05
    58    84    1.2203918608E-05
    58    85    4.4319502574E-05
    58    86    1.2683472184E-05
    58    87    4.0245945206E-05
    58    88    3.8116787567E-07
    58    89    1.0083641905E-06
    58    90    4.0788523194E-07
    58    91    1.0038836218E-06
    58    92    4.4764570644E-07
    58    93    9.6082286910E-07
    59    79    4.5389455953E-09
    59    80    5.9195643907E-07
    59    81    3.0236194388E-06
    59    82    6.3657331634E-05
    59    83    2.4007343558E-04
    59    84    6.0376741431E-05
    59    85    2.1646496812E-04
    59    86    5.9915757609E-05
    59    87    1.9869588870E-04
    59    88    9.6632038879E-07
    59    89    2.6651810866E-06
    59    90    1.0452030222E-06
    59    91    2.6148096496E-06
    59    92    1.1033511610E-06
    59    93    2.5774096142E-06
    59    94    5.4868563107E-07
    60    80    5.8760028485E-09
    60    81    2.1367261580E-07
    60    82    4.9962823179E-08
    60    83    2.1193860734E-07
    60    84    5.4869505521E-08
    60    85    2.1721223985E-07
    60    86    6.0908858865E-08
    60    87    2.2163173114E-07
    60    88    6.7492391573E-08
    60    89    2.2488902328E-07
    60    90    7.6649829068E-08
    60    91    2.2498243130E-07
    60    92    8.2964761850E-08
    60    93    2.2729564869E-07
    60    94    9.1880149182E-08
    60    95    2.2193474246E-07
    61    82    3.2025675504E-08
    61    83    5.0286966466E-07
    61    84    1.2847510586E-07
    61    85    5.1076912980E-07
    61    86    1.4041677358E-07
    61    87    5.1824352622E-07
    61    88    1.5353764098E-07
    61    89    5.2360844106E-07
    61    90    1.7109599335E-07
    61    91    5.2205498062E-07
    61    92    1.8294525117E-07
    61    93    5.2470074761E-07
    61    94    1.9972726125E-07
    61    95    5.2028719681E-07
    61    96    1.0455871994E-07
    62    83    1.0509819618E-10
    62    84    6.4537881953E-09
    62    85    3.0440644829E-08
    62    86    7.3291453862E-09
    62    87    3.1987398963E-08
    62    88    8.3024403757E-09
    62    89    3.3387712243E-08
    62    90    9.5625640417E-09
    62    91    3.4374444770E-08
    62    92    1.0777418190E-08
    62    93    3.5290655912E-08
    62    94    1.1824829759E-08
    62    95    3.6227157890E-08
    62    96    1.3243430999E-08
    62    97    3.6096536313E-08
    63    85    2.6466005397E-10
    63    86    1.4979069693E-08
    63    87    6.5980247443E-08
    63    88    1.6764796031E-08
    63    89    6.8682944028E-08
    63    90    1.9006034438E-08
    63    91    7.0368576090E-08
    63    92    2.1138450760E-08
    63    93    7.1938454367E-08
    63    94    2.3453659026E-08
    63    95    7.3027043768E-08
    63    96    2.5378107366E-08
    63    97    7.4162164521E-08
    63    98    1.3943755046E-08
    64    87    1.1401465236E-11
    64    88    6.6124384146E-10
    64    89    3.2133621771E-09
    64    90    7.6667961631E-10
    64    91    3.4415708639E-09
    64    92    9.0249246441E-10
    64    93    3.6304418304E-09
    64    94    1.0366573211E-09
    64    95    3.8097374383E-09
    64    96    1.1850766539E-09
    64    97    3.9597841709E-09
    64    98    1.3155955368E-09
    64    99    4.0581690375E-09
    65    89    2.5201967578E-11
    65    90    1.3472788443E-09
    65    91    6.1772845104E-09
    65    92    1.5676550407E-09
    65    93    6.5145693033E-09
    65    94    1.7804009652E-09
    65    95    6.8142827844E-09
    65    96    2.0101509008E-09
    65    97    7.0641145702E-09
    65    98    2.2621235982E-09
    65    99    7.2533170482E-09
    65   100    1.2766665542E-09
    66    91    8.4516256976E-13
    66    92    4.7936570207E-11
    66    93    2.3652139845E-10
    66    94    5.6824749570E-11
    66    95    2.5794259012E-10
    66    96    6.6870135697E-11
    66    97    2.7775991784E-10
    66    98    7.8088611491E-11
    66    99    2.9561052742E-10
    66   100    4.5191025864E-11
    67    93    1.6420825440E-12
    67    94    8.5947382441E-11
    67    95    4.0412811128E-10
    67    96    1.0066562341E-10
    67    97    4.3696232452E-10
    67    98    1.1635483555E-10
    67    99    4.6326808125E-10
    67   100    7.3455806292E-11
    68    97    5.7974736394E-14
    68    98    2.8698732776E-12
    68    99    1.3529679750E-11
    68   100    1.8796137132E-12
    68   101    2.3098696892E-14
    68   102    8.6834620224E-16
    69    99    1.4353210460E-15
    69   100    4.0792011664E-14
    69   101    9.0251699343E-16
    69   102    2.1928657219E-14
    70   101    3.5954854545E-17
    70   102    9.6911727228E-16
