     0     1    1.0241355692E+01
    30    44    4.1598917952E-06
    30    45    1.8247291924E-02
    30    46    1.6866599746E-03
    30    47    1.8637515234E-02
    30    48    1.7977325749E-03
    31    44    7.3926618177E-07
    31    45    6.7689685313E-02
    31    46    1.8055214517E-02
    31    47    6.7373984821E-02
    31    48    1.8399358354E-02
    31    49    6.7047689932E-02
    31    50    1.8664463415E-02
    32    44    3.1592510682E-06
    32    45    1.5482994267E-02
    32    46    2.4894211784E-03
    32    47    1.5791207935E-02
    32    48    2.6642405447E-03
    32    49    1.6038844528E-02
    32    50    3.5644213522E-03
    32    51    1.5518795137E-02
    32    52    4.2211564062E-03
    32    53    1.5117596444E-02
    33    45    1.5142289320E-08
    33    46    1.2340115806E-02
    33    47    4.1388209563E-02
    33    48    1.2596906344E-02
    33    49    4.1220588849E-02
    33    50    1.3273911367E-02
    33    51    4.0584439478E-02
    33    52    1.4011257032E-02
    33    53    3.9802739182E-02
    33    54    1.4981536429E-02
    33    55    3.8656900736E-02
    34    45    3.9703366041E-08
    34    46    1.6494996485E-03
    34    47    8.9940360984E-03
    34    48    1.7698331889E-03
    34    49    9.1754296295E-03
    34    50    2.7695389822E-03
    34    51    1.1109816319E-02
    34    52    3.1366542253E-03
    34    53    1.1013812179E-02
    34    54    3.6076010048E-03
    34    55    1.0759950056E-02
    34    56    3.6845514176E-03
    34    57    8.4737729985E-03
    34    58    2.0720443199E-03
    35    47    8.4420963112E-08
    35    48    6.0090556272E-03
    35    49    2.0511395366E-02
    35    50    7.6615332138E-03
    35    51    2.4579334605E-02
    35    52    8.1304356854E-03
    35    53    2.4186247865E-02
    35    54    8.6622769697E-03
    35    55    2.3670409032E-02
    35    56    9.3424053185E-03
    35    57    2.2914263502E-02
    35    58    9.3465816327E-03
    35    59    1.8132493603E-02
    36    47    8.3939759128E-08
    36    48    6.8008079381E-04
    36    49    3.6208117837E-03
    36    50    9.2035692874E-04
    36    51    4.0762461231E-03
    36    52    1.0478212664E-03
    36    53    4.0903002648E-03
    36    54    1.2128728506E-03
    36    55    4.0409179654E-03
    36    56    1.3846789007E-03
    36    57    3.9540234393E-03
    36    58    1.5926537155E-03
    36    59    3.8032119697E-03
    36    60    1.7760622670E-03
    36    61    3.5886206751E-03
    37    49    1.9408386118E-07
    37    50    2.0920795621E-03
    37    51    8.2207955160E-03
    37    52    2.4147210457E-03
    37    53    8.1695323903E-03
    37    54    2.5772502895E-03
    37    55    8.0682885800E-03
    37    56    2.8166521971E-03
    37    57    7.8507622724E-03
    37    58    3.0610415232E-03
    37    59    7.5789139943E-03
    37    60    3.2765733628E-03
    37    61    7.2955836206E-03
    37    62    3.6195403700E-03
    37    63    6.7251344966E-03
    38    50    2.2397364147E-05
    38    51    9.1882753066E-04
    38    52    2.2204041900E-04
    38    53    9.9149620067E-04
    38    54    2.5744759130E-04
    38    55    1.0004539162E-03
    38    56    2.9304284661E-04
    38    57    9.9947295671E-04
    38    58    3.3335038040E-04
    38    59    9.8336285996E-04
    38    60    3.7961055426E-04
    38    61    9.5129609287E-04
    38    62    4.3205081388E-04
    38    63    9.0258224488E-04
    38    64    2.3332317598E-04
    38    65    4.3181270171E-05
    39    51    1.3098126788E-06
    39    52    4.3544096338E-04
    39    53    1.8014556875E-03
    39    54    4.8765504320E-04
    39    55    1.8054117368E-03
    39    56    5.3773636365E-04
    39    57    1.7824972949E-03
    39    58    5.8607365593E-04
    39    59    1.7448236783E-03
    39    60    6.4102540725E-04
    39    61    1.6854682616E-03
    39    62    7.0297524111E-04
    39    63    1.6031250020E-03
    39    64    7.7257875265E-04
    39    65    1.4968005762E-03
    39    66    4.2346854553E-04
    40    52    4.7841093539E-06
    40    53    1.3460138879E-04
    40    54    3.0663197905E-05
    40    55    1.4277748874E-04
    40    56    3.6192018199E-05
    40    57    1.4578228218E-04
    40    58    4.1593322607E-05
    40    59    1.4688273252E-04
    40    60    4.7496446663E-05
    40    61    1.4542599305E-04
    40    62    5.3859067084E-05
    40    63    1.4128736505E-04
    40    64    6.0625454752E-05
    40    65    1.3438018601E-04
    40    66    6.5551067210E-05
    40    67    1.2663496370E-04
    40    68    2.7616979804E-05
    41    54    8.4717294625E-06
    41    55    2.2421112296E-04
    41    56    5.6157334583E-05
    41    57    2.2738169954E-04
    41    58    6.3469646097E-05
    41    59    2.2624155057E-04
    41    60    7.0134660275E-05
    41    61    2.2247444040E-04
    41    62    7.7175164268E-05
    41    63    2.1516664007E-04
    41    64    8.4442427661E-05
    41    65    2.0426488519E-04
    41    66    8.9293269607E-05
    41    67    1.9223876301E-04
    41    68    9.5996523488E-05
    41    69    1.7041350737E-04
    41    70    5.4570400781E-07
    42    55    2.1051014384E-08
    42    56    2.0896588183E-06
    42    57    1.0609463933E-05
    42    58    2.5169657560E-06
    42    59    1.1046361299E-05
    42    60    2.9265255071E-06
    42    61    1.1292343302E-05
    42    62    3.3551195939E-06
    42    63    1.1297000509E-05
    42    64    4.5626515186E-06
    42    65    1.5199466680E-05
    42    66    5.2162941654E-06
    42    67    1.2602185516E-05
    42    68    4.6618641463E-06
    42    69    9.7895800379E-06
    42    70    1.8128999757E-06
    42    71    6.3215285471E-08
    42    72    9.0808079235E-09
    43    57    3.4977016897E-08
    43    58    3.1303847316E-06
    43    59    1.3976214412E-05
    43    60    3.5504761104E-06
    43    61    1.4173931649E-05
    43    62    3.9659716122E-06
    43    63    1.4100622711E-05
    43    64    5.7977695579E-06
    43    65    1.7709866458E-05
    43    66    6.5028253441E-06
    43    67    6.9034764377E-02
    43    68    1.1648098913E-02
    43    69    6.4713933795E-02
    43    70    1.0736115493E-02
    43    71    5.9449872106E-02
    43    72    2.0862283031E-06
    43    73    4.4757171300E-08
    44    58    2.0014445639E-08
    44    59    3.5256069089E-07
    44    60    7.4422588339E-08
    44    61    3.7687420146E-07
    44    62    8.7913962132E-08
    44    63    3.9270063766E-07
    44    64    1.2159140133E-07
    44    65    4.6505163283E-07
    44    66    7.4018180958E-04
    44    67    1.1597643995E-02
    44    68    7.1097643804E-04
    44    69    1.0699566132E-02
    44    70    6.6349188425E-04
    44    71    9.5464686440E-03
    44    72    6.0314884278E-04
    44    73    8.1040476887E-03
    44    74    4.7718937486E-04
    44    75    3.8908073235E-10
    45    59    7.2018084753E-13
    45    60    2.2065525348E-08
    45    61    3.6278838388E-07
    45    62    7.9819636092E-08
    45    63    3.7503468443E-07
    45    64    9.3957241296E-08
    45    65    4.1448659421E-07
    45    66    1.1830447182E-07
    45    67    6.4662325872E-02
    45    68    1.0648826761E-02
    45    69    5.9424251283E-02
    45    70    9.5284634474E-03
    45    71    5.2966296726E-02
    45    72    8.1271175139E-03
    45    73    4.4906238472E-02
    45    74    6.4433673958E-03
    45    75    3.4836867835E-02
    45    76    4.4556767881E-03
    46    61    2.7949884974E-15
    46    62    3.2007643131E-10
    46    63    4.9619221372E-09
    46    64    1.0159071233E-09
    46    65    5.3684947094E-09
    46    66    6.3392658395E-08
    46    67    1.0556182822E-02
    46    68    6.3382362490E-04
    46    69    9.4652900316E-03
    46    70    5.6692904867E-04
    46    71    8.0854377846E-03
    46    72    4.7858495672E-04
    46    73    6.3990585107E-03
    46    74    3.8204647166E-04
    46    75    4.4332638718E-03
    46    76    2.8960470394E-04
    46    77    2.3516590057E-03
    46    78    1.1800077625E-04
    47    62    3.9652736118E-14
    47    63    7.4357338354E-13
    47    64    2.4165128488E-10
    47    65    3.5360992248E-09
    47    66    7.1718442856E-10
    47    67    3.5316354869E-09
    47    68    9.3680355468E-03
    47    69    5.2855482571E-02
    47    70    8.0211216079E-03
    47    71    4.4822177637E-02
    47    72    6.3658383250E-03
    47    73    3.4804918922E-02
    47    74    4.4440236495E-03
    47    75    2.2668524342E-02
    47    76    2.4509328180E-03
    47    77    9.5856771916E-03
    47    78    7.4474457541E-04
    47    79    1.5284989143E-03
    48    64    8.1238929971E-17
    48    65    1.4434711971E-15
    48    66    1.5449654343E-12
    48    67    2.2327814646E-11
    48    68    2.3390332709E-08
    48    69    7.9254149596E-03
    48    70    4.5416643916E-04
    48    71    6.3033943199E-03
    48    72    3.5232956023E-04
    48    73    4.4034573487E-03
    48    74    2.4250538034E-04
    48    75    2.3793934641E-03
    48    76    1.3890091678E-04
    48    77    6.1830185917E-04
    48    78    5.1347300819E-05
    48    79    2.4919720009E-04
    48    80    5.9088764535E-05
    48    81    2.4596668777E-04
    48    82    1.1779856604E-16
    48    83    1.3204353857E-16
    49    66    2.1089426321E-17
    49    67    3.7470027081E-16
    49    68    7.0269006271E-13
    49    69    1.2720925136E-11
    49    70    6.2210485702E-03
    49    71    3.4626877100E-02
    49    72    4.3572544240E-03
    49    73    2.2561855044E-02
    49    74    2.3744022104E-03
    49    75    9.5931139424E-03
    49    76    6.7527143415E-04
    49    77    1.5951756515E-03
    49    78    3.2423351314E-04
    49    79    1.5812010042E-03
    49    80    3.5483518934E-04
    49    81    4.0262684885E-03
    49    82    1.5345977689E-03
    49    83    1.0581813203E-16
    49    84    2.3971710034E-16
    49    85    2.5210942545E-16
    50    67    1.3833662935E-08
    50    68    1.7420998542E-06
    50    69    9.9276926669E-06
    50    70    5.7983718243E-06
    50    71    5.0968534580E-05
    50    72    1.1966084882E-05
    50    73    7.0457071487E-05
    50    74    2.2526320792E-05
    50    75    1.7875219364E-04
    50    76    9.2118202505E-05
    50    77    5.4864792234E-04
    50    78    1.0616087871E-04
    50    79    5.4230612119E-04
    50    80    3.9367319127E-05
    50    81    9.9391712191E-05
    50    82    3.6631384613E-05
    50    83    5.1086654719E-05
    50    84    2.4593582342E-05
    50    85    2.7131515305E-05
    50    86    6.4357699368E-06
    50    87    6.3514875438E-06
    51    69    8.4934991984E-08
    51    70    1.3338888055E-05
    51    71    7.1709541695E-05
    51    72    2.9692796799E-05
    51    73    5.3318288383E-04
    51    74    2.0996272159E-04
    51    75    2.9844497839E-03
    51    76    5.9236613731E-04
    51    77    3.0247480568E-03
    51    78    5.8925619057E-04
    51    79    1.0151019418E-03
    51    80    1.3932017149E-04
    51    81    4.0640114326E-04
    51    82    1.5765740926E-04
    51    83    2.7093590945E-04
    51    84    1.6544906332E-04
    51    85    2.6326373954E-04
    51    86    6.8113792882E-05
    51    87    3.1461762797E-05
    51    88    7.7869981486E-06
    52    71    2.5693722504E-08
    52    72    4.0466064228E-06
    52    73    3.8575663516E-05
    52    74    6.5178819966E-05
    52    75    4.7194582833E-04
    52    76    7.3561087667E-05
    52    77    4.8829893092E-04
    52    78    3.0723327893E-05
    52    79    9.6789873217E-05
    52    80    1.7008597628E-05
    52    81    6.3434126268E-05
    52    82    2.4495429121E-05
    52    83    5.0496830768E-05
    52    84    2.9870155401E-05
    52    85    5.8634876286E-05
    52    86    6.7330142147E-05
    52    87    1.5637454799E-04
    52    88    3.9811317036E-05
    52    89    4.7996109489E-06
    52    90    1.0674105179E-06
    53    75    4.8991913208E-07
    53    76    4.5545719131E-04
    53    77    8.4024330095E-04
    53    78    1.1149605407E-04
    53    79    3.8530191839E-04
    53    80    8.1765586324E-05
    53    81    3.0954053851E-04
    53    82    1.1983810558E-04
    53    83    2.8623708674E-04
    53    84    1.6978310375E-04
    53    85    4.4883534680E-04
    53    86    4.7674417746E-04
    53    87    1.5447561664E-03
    53    88    6.0691307517E-04
    53    89    1.3917887286E-03
    53    90    1.4002395494E-05
    53    91    2.2035933791E-05
    54    76    1.7839875670E-06
    54    77    7.0195733778E-05
    54    78    9.7511294278E-06
    54    79    5.9977980144E-05
    54    80    1.2118414276E-05
    54    81    5.6386148033E-05
    54    82    2.1179704374E-05
    54    83    6.2254950160E-05
    54    84    4.6071276231E-05
    54    85    1.9074233827E-04
    54    86    9.2101615685E-05
    54    87    2.7743044049E-04
    54    88    8.4309852250E-05
    54    89    1.6126554871E-04
    54    90    1.2653604402E-05
    54    91    2.7704419278E-06
    54    92    4.3871887773E-06
    55    78    4.0139585401E-06
    55    79    1.6343233896E-04
    55    80    3.7127140515E-05
    55    81    3.1209136863E-04
    55    82    1.2162116849E-04
    55    83    4.7141904486E-04
    55    84    3.2803684446E-04
    55    85    1.6643300928E-03
    55    86    4.6865039132E-04
    55    87    1.6249904520E-03
    55    88    2.8218069751E-04
    55    89    3.4183044444E-04
    55    90    5.1217362443E-05
    55    91    9.3885487864E-06
    55    92    6.0188499870E-06
    55    93    8.6783798838E-06
    55    94    6.3861932703E-06
    55    95    7.5114112448E-06
    56    79    5.1763723687E-09
    56    80    1.1148205114E-06
    56    81    2.2267653367E-05
    56    82    2.8610002552E-05
    56    83    2.0248580112E-04
    56    84    6.5132881693E-05
    56    85    2.9758416607E-04
    56    86    6.6846897524E-05
    56    87    1.9249792763E-04
    56    88    2.6770723572E-05
    56    89    5.5230481439E-05
    56    90    1.2993376137E-05
    56    91    2.5857114217E-05
    56    92    6.7491100507E-07
    56    93    1.1480764536E-06
    56    94    7.3154175845E-07
    56    95    1.0807170871E-06
    56    96    2.3689075516E-07
    57    81    1.4665751699E-08
    57    82    1.4976342565E-06
    57    83    6.5701900715E-06
    57    84    3.7540367728E-04
    57    85    1.6908845356E-03
    57    86    2.5885510010E-04
    57    87    4.3922561713E-04
    57    88    8.9667393983E-05
    57    89    1.6517217558E-04
    57    90    5.3234477410E-05
    57    91    1.1562677368E-04
    57    92    1.8176648295E-06
    57    93    3.3723751660E-06
    57    94    1.9421068697E-06
    57    95    3.1785909581E-06
    57    96    2.0220144261E-06
    57    97    2.9088992142E-06
    58    82    4.6364427061E-08
    58    83    4.1953188841E-07
    58    84    1.2328125279E-07
    58    85    4.0505779082E-07
    58    86    5.1826602071E-06
    58    87    4.4328034509E-05
    58    88    1.0194799978E-05
    58    89    2.7627802822E-05
    58    90    4.5585180532E-06
    58    91    3.7282972660E-07
    58    92    1.6531560225E-07
    58    93    3.6108825959E-07
    58    94    1.8049764555E-07
    58    95    3.4833926759E-07
    58    96    1.9708488414E-07
    58    97    3.3371311939E-07
    58    98    2.0903694899E-07
    58    99    3.1102409310E-07
    59    84    1.1399444560E-07
    59    85    1.0470550486E-06
    59    86    3.2952238429E-07
    59    87    1.0162226050E-06
    59    88    3.5641897079E-07
    59    89    9.7901824957E-07
    59    90    3.8033504934E-07
    59    91    9.4858365145E-07
    59    92    3.9745915803E-07
    59    93    9.2661014668E-07
    59    94    4.2685096699E-07
    59    95    8.9194257540E-07
    59    96    4.6059362071E-07
    59    97    8.5429457190E-07
    59    98    4.8289910382E-07
    59    99    8.2650515129E-07
    59   100    1.8812735101E-07
    60    86    8.9430207895E-09
    60    87    7.8575098327E-08
    60    88    2.3633944465E-08
    60    89    7.8570435170E-08
    60    90    2.6509066561E-08
    60    91    7.7704287869E-08
    60    92    2.8413533363E-08
    60    93    7.7785097037E-08
    60    94    3.1225677024E-08
    60    95    7.6823725359E-08
    60    96    3.4338263212E-08
    60    97    7.5283136229E-08
    60    98    3.6801839405E-08
    60    99    7.4383723452E-08
    60   100    4.0458493042E-08
    60   101    6.9727305097E-08
    61    88    2.0077344713E-08
    61    89    1.7764467299E-07
    61    90    5.7388654151E-08
    61    91    1.7532044940E-07
    61    92    6.0825754833E-08
    61    93    1.7475433110E-07
    61    94    6.5938050094E-08
    61    95    1.7210729572E-07
    61    96    7.1549528406E-08
    61    97    1.6861133234E-07
    61    98    7.7689889403E-08
    61    99    1.6383265606E-07
    61   100    8.2282043316E-08
    61   101    1.6046360279E-07
    61   102    3.4199143224E-08
    62    89    7.5144570626E-11
    62    90    3.0144662603E-09
    62    91    1.0859959550E-08
    62    92    3.3696623403E-09
    62    93    1.1062668819E-08
    62    94    3.6723492313E-09
    62    95    1.1283321680E-08
    62    96    4.0907579497E-09
    62    97    1.1353833390E-08
    62    98    4.5504744703E-09
    62    99    1.1330759322E-08
    62   100    4.9173051011E-09
    62   101    1.1341708931E-08
    62   102    5.4590743237E-09
    62   103    1.0863182047E-08
    63    91    1.6494411341E-10
    63    92    6.3736336920E-09
    63    93    2.1810721314E-08
    63    94    7.0303821596E-09
    63    95    2.2013110026E-08
    63    96    7.5698415386E-09
    63    97    2.2246969457E-08
    63    98    8.3174967641E-09
    63    99    2.2167895164E-08
    63   100    9.1292750922E-09
    63   101    2.1911031642E-08
    63   102    9.7437914757E-09
    63   103    2.1724902279E-08
    63   104    4.2999036098E-09
    64    93    7.0873622116E-12
    64    94    2.8860244859E-10
    64    95    1.0669713604E-09
    64    96    3.2840612724E-10
    64    97    1.1038331991E-09
    64    98    3.6315039031E-10
    64    99    1.1406672766E-09
    64   100    4.0983691118E-10
    64   101    1.1600001307E-09
    64   102    4.6093746886E-10
    64   103    1.1674956404E-09
    64   104    5.0348362206E-10
    64   105    1.1552037367E-09
    65    95    1.7584403985E-17
    65    96    2.3311854664E-10
    65    97    1.8906027770E-09
    65    98    5.9817900369E-10
    65    99    1.9346517315E-09
    65   100    6.5397568684E-10
    65   101    1.9785696592E-09
    65   102    7.2802746516E-10
    65   103    1.9919288649E-09
    65   104    7.8727768602E-10
    65   105    1.9708572145E-09
    65   106    6.5923693371E-15
    66    96    3.2593827810E-18
    66    97    3.0723579063E-17
    66    98    8.9529694490E-12
    66    99    7.2180423327E-11
    66   100    2.1348492825E-11
    66   101    7.6245087270E-11
    66   102    2.4568452849E-11
    66   103    7.9218966483E-11
    66   104    2.8086407738E-11
    66   105    8.0315587541E-11
    66   106    1.7184604434E-17
    66   107    1.2887098073E-16
    67    99    1.4907779872E-19
    67   100    7.0337615940E-18
    67   101    3.2241462104E-17
    67   102    8.5923022169E-18
    67   103    3.6429192996E-17
    67   104    1.0625181290E-17
    67   105    4.0034165219E-17
    67   106    1.2942663434E-17
    67   107    4.3097036356E-17
    67   108    6.0335850899E-17
    68   102    5.4210108624E-20
    68   103    2.4394548881E-19
    68   104    5.4210108624E-20
    68   105    2.7105054312E-19
    68   106    8.1315162936E-20
    68   107    3.1170812459E-19
    68   108    9.4867690092E-20
    68   109    3.9302328753E-19
    69   104    2.7105054312E-20
    69   105    1.8973538018E-19
    69   106    5.4210108624E-20
    69   107    2.1684043450E-19
    69   108    6.7762635780E-20
    69   109    2.4394548881E-19
    69   110    2.5742625281E-20
    70   110    1.1567653029E-22
