     0     1    1.1954868999E+01
    32    45    4.2837871436E-08
    32    46    1.9283209640E-03
    32    47    1.3105511409E-02
    32    48    2.0753039872E-03
    32    49    1.3331996235E-02
    32    50    2.9007181320E-03
    32    51    1.2824990397E-02
    33    46    4.4264547362E-06
    33    47    3.6342472550E-02
    33    48    1.0534306970E-02
    33    49    3.6221563593E-02
    33    50    1.1205593495E-02
    33    51    3.5623214321E-02
    33    52    1.1921150020E-02
    33    53    3.4898520745E-02
    33    54    1.0944495613E-02
    34    47    1.4849361839E-07
    34    48    1.4079075832E-03
    34    49    7.6831758909E-03
    34    50    1.7623156688E-03
    34    51    7.5664147200E-03
    34    52    2.0019221705E-03
    34    53    7.5164997339E-03
    34    54    2.3125994322E-03
    34    55    7.3606406519E-03
    34    56    1.6374153541E-03
    35    47    9.1017449033E-08
    35    48    5.0185368018E-03
    35    49    1.7884542607E-02
    35    50    5.3571467178E-03
    35    51    1.7685381511E-02
    35    52    6.8773322479E-03
    35    53    2.0984705671E-02
    35    54    7.3710981814E-03
    35    55    2.0534309006E-02
    35    56    7.4072199218E-03
    35    57    1.6593484378E-02
    35    58    5.3493489967E-03
    36    48    6.7096318485E-06
    36    49    3.0085786569E-03
    36    50    6.5954332692E-04
    36    51    3.0240589117E-03
    36    52    8.5495838337E-04
    36    53    3.3956272903E-03
    36    54    9.9791053165E-04
    36    55    3.3575111668E-03
    36    56    1.1466844877E-03
    36    57    3.2880660726E-03
    36    58    1.3265577372E-03
    36    59    3.1587105199E-03
    36    60    6.8273141552E-04
    37    49    1.9238456397E-07
    37    50    1.7072241121E-03
    37    51    6.3524560186E-03
    37    52    2.0157009510E-03
    37    53    6.9871948478E-03
    37    54    2.1632323466E-03
    37    55    6.9067736319E-03
    37    56    2.3801010097E-03
    37    57    6.7234745755E-03
    37    58    2.6013579488E-03
    37    59    6.4938206531E-03
    37    60    2.7973142153E-03
    37    61    6.2441333487E-03
    37    62    1.7380944942E-03
    38    51    9.0382801024E-07
    38    52    1.7293824069E-04
    38    53    8.1204774983E-04
    38    54    2.0871238250E-04
    38    55    8.2123225659E-04
    38    56    2.3901880679E-04
    38    57    8.2227316799E-04
    38    58    2.7345411786E-04
    38    59    8.1082407256E-04
    38    60    3.1308395408E-04
    38    61    7.8622463669E-04
    38    62    3.5817417638E-04
    38    63    7.4794576046E-04
    38    64    1.7380409947E-04
    39    52    3.6634093060E-05
    39    53    1.4445605366E-03
    39    54    4.0172031218E-04
    39    55    1.5148738287E-03
    39    56    4.4581949113E-04
    39    57    1.4984394948E-03
    39    58    4.8862506785E-04
    39    59    1.4697112738E-03
    39    60    5.3742834709E-04
    39    61    1.4227756142E-03
    39    62    5.9264962499E-04
    39    63    1.3566420819E-03
    39    64    6.5502836191E-04
    39    65    1.2476529006E-03
    39    66    1.2048197108E-05
    40    53    2.0497646846E-07
    40    54    2.4096891616E-05
    40    55    1.1504337534E-04
    40    56    2.8951539496E-05
    40    57    1.1789944027E-04
    40    58    3.3474306130E-05
    40    59    1.1924992416E-04
    40    60    3.8457975704E-05
    40    61    1.1856112691E-04
    40    62    4.3886220030E-05
    40    63    1.1573398145E-04
    40    64    4.9741785193E-05
    40    65    1.1069928172E-04
    40    66    5.4201559515E-05
    40    67    1.0296057984E-04
    40    68    3.7675549209E-07
    41    55    4.3449974476E-07
    41    56    4.5495857912E-05
    41    57    1.8686123678E-04
    41    58    5.1759359905E-05
    41    59    1.8661812127E-04
    41    60    5.7550801098E-05
    41    61    1.8427697804E-04
    41    62    6.3747042917E-05
    41    63    1.7908458051E-04
    41    64    7.3076713137E-05
    41    65    6.4742287670E-02
    41    66    1.0349292738E-02
    41    67    6.2571346132E-02
    41    68    9.9713662411E-03
    41    69    2.3650070969E-06
    42    56    5.0472067795E-07
    42    57    8.4075741159E-06
    42    58    1.9825659750E-06
    42    59    8.8044427747E-06
    42    60    2.3227808590E-06
    42    61    9.0577043299E-06
    42    62    2.6853304760E-06
    42    63    9.1278638515E-06
    42    64    5.7145708677E-04
    42    65    1.0262842669E-02
    42    66    5.8544216061E-04
    42    67    9.9462739742E-03
    42    68    5.9630845766E-04
    42    69    9.5035786621E-03
    42    70    6.1039656662E-04
    42    71    8.8986292990E-03
    43    57    2.8129008955E-08
    43    58    2.4902006054E-06
    43    59    1.1267492105E-05
    43    60    2.8468114011E-06
    43    61    1.1503062303E-05
    43    62    3.2081884840E-06
    43    63    1.1503933257E-05
    43    64    1.0213130383E-02
    43    65    6.2414911052E-02
    43    66    9.9323708783E-03
    43    67    5.9919209905E-02
    43    68    9.5290634823E-03
    43    69    5.6975492980E-02
    43    70    8.9980061723E-03
    43    71    5.3449674590E-02
    43    72    8.3217063984E-03
    43    73    4.9167730387E-02
    43    74    7.4055960823E-03
    44    59    7.7178778670E-10
    44    60    5.7936420960E-08
    44    61    2.9723139251E-07
    44    62    6.9234729399E-08
    44    63    3.1269232455E-07
    44    64    2.7629741710E-07
    44    65    9.8651300247E-03
    44    66    5.5669898725E-04
    44    67    9.4835020874E-03
    44    68    5.4928797143E-04
    44    69    8.9620927040E-03
    44    70    5.3127700801E-04
    44    71    8.2762326260E-03
    44    72    5.0662746251E-04
    44    73    7.4009445246E-03
    44    74    4.9554726457E-04
    44    75    6.2961183760E-03
    44    76    3.5591994282E-04
    45    60    1.7619458787E-08
    45    61    2.8875209484E-07
    45    62    6.3422946268E-08
    45    63    3.0204474328E-07
    45    64    7.5335271700E-08
    45    65    5.9829169642E-02
    45    66    9.4111663817E-03
    45    67    5.6907248251E-02
    45    68    8.9168071924E-03
    45    69    5.3419401536E-02
    45    70    8.2600473774E-03
    45    71    4.9204328247E-02
    45    72    7.4217053938E-03
    45    73    4.4041078312E-02
    45    74    6.3888619736E-03
    45    75    3.7656102794E-02
    45    76    5.1722102988E-03
    45    77    3.3393678635E-02
    46    61    2.0881801605E-15
    46    62    2.5276719038E-10
    46    63    3.9137135881E-09
    46    64    7.9657398952E-10
    46    65    4.2214735856E-09
    46    66    5.2203695568E-04
    46    67    8.8332892691E-03
    46    68    5.0497070999E-04
    46    69    8.2013327752E-03
    46    70    4.7343087955E-04
    46    71    7.3816004389E-03
    46    72    4.2681140706E-04
    46    73    6.3513771442E-03
    46    74    3.7182259561E-04
    46    75    5.0922482572E-03
    46    76    3.1289333257E-04
    46    77    3.6294519935E-03
    46    78    2.3205031380E-03
    47    63    1.0427737910E-15
    47    64    1.9721803956E-10
    47    65    2.8836854687E-09
    47    66    1.4792427137E-09
    47    67    5.3272841090E-02
    47    68    8.1110580574E-03
    47    69    4.9081119162E-02
    47    70    7.3187167608E-03
    47    71    4.3950547572E-02
    47    72    6.3140787279E-03
    47    73    3.7612746938E-02
    47    74    5.0885345696E-03
    47    75    2.9771468059E-02
    47    76    3.6737151233E-03
    47    77    2.0296910355E-02
    47    78    2.2069782730E-03
    47    79    9.8263387001E-03
    47    80    8.7577702986E-04
    47    81    1.4250142213E-03
    48    64    6.4211873665E-17
    48    65    3.6884022583E-14
    48    66    2.9331144176E-12
    48    67    2.2600176465E-11
    48    68    4.4564005137E-04
    48    69    7.2252980502E-03
    48    70    4.0419054068E-04
    48    71    6.2478966650E-03
    48    72    3.4591741309E-04
    48    73    5.0438435711E-03
    48    74    2.7455363677E-04
    48    75    3.6334444880E-03
    48    76    1.9934490868E-04
    48    77    2.1126728915E-03
    48    78    1.3021226051E-04
    48    79    7.1922248298E-04
    48    80    3.5247997063E-05
    48    81    5.7343959789E-05
    48    82    3.6539709803E-05
    48    83    3.9395747977E-05
    49    66    1.8089235622E-17
    49    67    1.9189123150E-14
    49    68    2.6662052076E-10
    49    69    4.3723815869E-02
    49    70    6.1596871324E-03
    49    71    3.7419488159E-02
    49    72    4.9835330500E-03
    49    73    2.9628292291E-02
    49    74    3.6026080750E-03
    49    75    2.0224941587E-02
    49    76    2.1206144813E-03
    49    77    9.8591988302E-03
    49    78    7.9220350922E-04
    49    79    1.5079411933E-03
    49    80    1.0211499413E-04
    49    81    3.6041399078E-04
    49    82    4.4778085956E-04
    49    83    1.2071141437E-03
    49    84    7.5319368887E-04
    50    68    2.7105054312E-20
    50    69    2.3376402694E-12
    50    70    3.2254360845E-04
    50    71    4.9046338837E-03
    50    72    2.5715358325E-04
    50    73    3.5543948977E-03
    50    74    1.8200873233E-04
    50    75    2.0878341800E-03
    50    76    1.0776749532E-04
    50    77    7.3268773203E-04
    50    78    3.0869002738E-05
    50    79    6.1552796621E-05
    50    80    1.5052074895E-05
    50    81    6.1483899633E-05
    50    82    1.6809452404E-04
    50    83    6.4648413667E-04
    50    84    4.1953414798E-04
    50    85    2.0259725681E-03
    50    86    2.0400848605E-20
    51    69    1.9051139397E-08
    51    70    2.2505790237E-06
    51    71    1.9049887694E-05
    51    72    5.9483465366E-06
    51    73    3.7494639081E-05
    51    74    1.1315736560E-05
    51    75    5.2573611697E-05
    51    76    2.5804416531E-05
    51    77    1.8249418236E-04
    51    78    1.8534658948E-04
    51    79    8.0750326053E-04
    51    80    1.6729951915E-04
    51    81    1.7826027110E-04
    51    82    3.2170455958E-05
    51    83    4.4510524438E-05
    51    84    2.3962495809E-05
    51    85    3.2468633798E-05
    51    86    1.1335854044E-05
    51    87    1.2746959198E-05
    51    88    1.3752566851E-06
    52    71    3.7163714303E-09
    52    72    4.7313883815E-07
    52    73    4.8646288654E-06
    52    74    1.7524023035E-06
    52    75    1.3101498719E-05
    52    76    1.0029079495E-05
    52    77    1.3186156336E-04
    52    78    2.6072069400E-05
    52    79    1.3313357532E-04
    52    80    6.3565415076E-06
    52    81    1.3645925752E-05
    52    82    4.0252615557E-06
    52    83    7.1568287939E-06
    52    84    3.7871812761E-06
    52    85    6.3611475415E-06
    52    86    4.6072663252E-06
    52    87    6.7603073927E-06
    52    88    9.6732506170E-07
    52    89    7.9982870886E-07
    52    90    1.7801259237E-07
    53    73    9.9012410410E-08
    53    74    1.3584660497E-05
    53    75    1.4624281342E-04
    53    76    1.2993787256E-04
    53    77    6.6130130661E-04
    53    78    1.2869332918E-04
    53    79    1.6041751573E-04
    53    80    1.7610193454E-05
    53    81    4.9185543845E-05
    53    82    1.7376246972E-05
    53    83    3.4420442278E-05
    53    84    1.8122009281E-05
    53    85    3.4434829094E-05
    53    86    2.5042377799E-05
    53    87    4.5799045412E-05
    53    88    2.0536637293E-05
    53    89    9.0455093986E-06
    53    90    2.2986589344E-06
    53    91    2.6542405437E-06
    54    74    8.1378028672E-07
    54    75    6.4731549470E-05
    54    76    9.6690859622E-06
    54    77    6.5527753838E-05
    54    78    4.1798241430E-06
    54    79    9.1104110629E-06
    54    80    2.0797234293E-06
    54    81    7.6999719778E-06
    54    82    2.7157689720E-06
    54    83    6.5052389570E-06
    54    84    3.2503916860E-06
    54    85    7.4787753574E-06
    54    86    5.9610334796E-06
    54    87    1.4282858436E-05
    54    88    3.1465490721E-05
    54    89    8.0914644419E-05
    54    90    5.5371325112E-07
    54    91    4.2111897902E-07
    54    92    6.6701124702E-07
    55    76    1.7793702333E-06
    55    77    1.0451533518E-04
    55    78    8.3156525246E-06
    55    79    2.7538687532E-05
    55    80    5.9688070555E-06
    55    81    3.6833877684E-05
    55    82    1.3496768356E-05
    55    83    3.5257503703E-05
    55    84    1.8154432244E-05
    55    85    4.8843521211E-05
    55    86    5.8806399222E-05
    55    87    2.3763437614E-04
    55    88    1.8933541955E-04
    55    89    4.8822769181E-04
    55    90    1.0290544458E-04
    55    91    7.0446376706E-06
    55    92    9.0952414695E-07
    55    93    1.2857398178E-06
    55    94    3.0980014478E-07
    56    78    1.2335419253E-07
    56    79    3.2442700976E-06
    56    80    6.4906490282E-07
    56    81    2.6323311465E-06
    56    82    1.5274377781E-06
    56    83    7.7703795807E-06
    56    84    4.2584424016E-06
    56    85    1.5131669632E-05
    56    86    2.0661096238E-05
    56    87    9.1568735687E-05
    56    88    3.0667066863E-05
    56    89    8.9320070015E-05
    56    90    4.2179728474E-06
    56    91    1.4156470907E-06
    56    92    3.5594625501E-07
    56    93    1.6144670177E-07
    56    94    1.0364804581E-07
    56    95    1.5118783445E-07
    56    96    3.2939508063E-08
    57    79    2.6959483293E-08
    57    80    2.8189874729E-06
    57    81    1.0798233906E-05
    57    82    3.2964091962E-06
    57    83    9.3714929180E-06
    57    84    2.3841764976E-05
    57    85    2.5225226523E-04
    57    86    1.4491624133E-04
    57    87    5.2706787453E-04
    57    88    1.2112023895E-04
    57    89    1.0966220429E-04
    57    90    1.3734053602E-05
    57    91    6.5656401884E-06
    57    92    3.3792185149E-06
    57    93    5.9651263008E-06
    57    94    2.7042082399E-07
    57    95    4.3799609733E-07
    57    96    2.8033232874E-07
    57    97    3.9918641295E-07
    58    81    4.6237301701E-09
    58    82    5.1114980966E-07
    58    83    1.6819065920E-06
    58    84    5.1543103250E-07
    58    85    1.5992452649E-06
    58    86    5.3672518534E-07
    58    87    1.6665940812E-06
    58    88    5.8136544871E-06
    58    89    1.0993056499E-05
    58    90    5.7091481423E-07
    58    91    1.3473541676E-06
    58    92    6.0597165533E-07
    58    93    1.2541070754E-06
    58    94    2.3622892877E-08
    58    95    4.5227689349E-08
    58    96    2.5681937946E-08
    58    97    4.3182120215E-08
    58    98    8.9875134488E-09
    59    83    5.7623899257E-08
    59    84    2.4316502782E-06
    59    85    7.5894008835E-06
    59    86    2.4650321448E-06
    59    87    7.0959381656E-06
    59    88    2.5621005038E-06
    59    89    6.6370462261E-06
    59    90    2.6493063122E-06
    59    91    6.2785447687E-06
    59    92    2.7010178799E-06
    59    93    6.0150754673E-06
    59    94    1.4336062752E-06
    59    95    1.1390121710E-07
    59    96    5.8806857728E-08
    59    97    1.0872561246E-07
    59    98    6.1479056577E-08
    59    99    1.0491244873E-07
    59   100    2.3340493933E-08
    60    86    1.5617431717E-07
    60    87    1.4528625421E-06
    60    88    4.5679788684E-07
    60    89    1.3954562824E-06
    60    90    4.8981682967E-07
    60    91    1.3345293201E-06
    60    92    5.0679259243E-07
    60    93    1.2986272481E-06
    60    94    2.7044725952E-07
    60    95    9.2212806366E-09
    60    96    4.1209565680E-09
    60    97    9.0040625649E-09
    60    98    4.4020433777E-09
    60    99    8.8715304563E-09
    60   100    4.8271534351E-09
    60   101    8.2984170136E-09
    61    88    2.4628427784E-09
    61    89    8.6481857163E-08
    61    90    2.2692924575E-06
    61    91    6.2659764219E-06
    61    92    2.3121589940E-06
    61    93    5.9679334417E-06
    61    94    7.7477771128E-09
    61    95    2.0246484502E-08
    61    96    8.3748653971E-09
    61    97    1.9764255844E-08
    61    98    9.0666095669E-09
    61    99    1.9150055242E-08
    61   100    9.5800775686E-09
    61   101    1.8713581761E-08
    61   102    3.8995818915E-09
    62    89    8.5435082199E-12
    62    90    3.3901360048E-10
    62    91    1.2161533671E-09
    62    92    3.7599061321E-10
    62    93    1.2307216703E-09
    62    94    4.0718639605E-10
    62    95    1.2485561282E-09
    62    96    4.5124704800E-10
    62    97    1.2508329979E-09
    62    98    4.9990470083E-10
    62    99    1.2439060160E-09
    62   100    5.3846475632E-10
    62   101    1.2416098626E-09
    62   102    5.9632747812E-10
    62   103    1.1867619692E-09
    63    91    1.8009258032E-11
    63    92    6.9076136603E-10
    63    93    2.3698824525E-09
    63    94    7.5750426086E-10
    63    95    2.3795364604E-09
    63    96    8.1169992730E-10
    63    97    2.3944805074E-09
    63    98    8.8852440077E-10
    63    99    2.3775119751E-09
    63   100    9.7235760044E-10
    63   101    2.3431825808E-09
    63   102    1.0353402658E-09
    63   103    2.3178219386E-09
    63   104    4.4958287906E-10
    64    93    7.2911554588E-13
    64    94    2.9539019424E-11
    64    95    1.0897542080E-10
    64    96    3.3382793722E-11
    64    97    1.1208522298E-10
    64    98    3.6706727244E-11
    64    99    1.1526327166E-10
    64   100    4.1233526318E-11
    64   101    1.1674513597E-10
    64   102    4.6203123250E-11
    64   103    1.1711293900E-10
    64   104    5.0319105192E-11
    64   105    1.1558784279E-10
    65    95    1.1790698626E-18
    65    96    2.3181071720E-11
    65    97    1.8702256729E-10
    65    98    5.8654586884E-11
    65    99    1.9045094680E-10
    65   100    6.3833721973E-11
    65   101    1.9397716090E-10
    65   102    7.0806529571E-11
    65   103    1.9461709140E-10
    65   104    7.6341639499E-11
    65   105    1.9541662017E-10
    65   106    3.5127025027E-11
    66    97    1.3552527156E-20
    66    98    8.3769191535E-13
    66    99    6.7397105827E-12
    66   100    1.9831658966E-12
    66   101    7.0769678366E-12
    66   102    2.2690592081E-12
    66   103    7.3162269157E-12
    66   104    2.5816308455E-12
    66   105    7.4895000954E-12
    66   106    1.1926660560E-12
    66   107    7.9282283863E-18
    67    99    6.7762635780E-21
    67   100    4.2690460542E-19
    67   101    8.9341308331E-14
    67   102    3.0482101489E-12
    67   103    1.0558428535E-11
    67   104    3.4374948092E-12
    67   105    1.0799895144E-11
    67   106    1.7592748547E-12
    67   107    2.5749801597E-18
    67   108    3.9437854024E-18
    68   103    1.3552527156E-20
    68   105    2.7105054312E-20
    68   107    2.7105054312E-20
    68   108    1.3552527156E-20
    68   109    2.7105054312E-20
    69   105    6.7762635780E-21
    69   107    1.3552527156E-20
    69   109    1.3552527156E-20
    69   110    2.7105054312E-20
