     0     1    2.3756658450E+00
    42    67    3.9684879110E-06
    42    68    3.8901303109E-04
    42    69    1.7094975548E-03
    43    66    6.4289501648E-04
    43    67    1.6690898966E-02
    43    68    2.8267167719E-03
    43    69    1.5362085677E-02
    43    70    3.1581220768E-03
    43    71    1.3904926350E-02
    43    72    3.4256037468E-03
    43    73    1.2473392844E-02
    44    65    1.1504183500E-06
    44    66    2.3451983544E-04
    44    67    1.8638206690E-03
    44    68    2.7730991215E-04
    44    69    1.7513119275E-03
    44    70    3.1455592405E-04
    44    71    1.6394935717E-03
    44    72    3.5581889270E-04
    44    73    1.5200288252E-03
    44    74    4.1899915508E-04
    44    75    1.3645960381E-03
    45    66    2.3505806133E-04
    45    67    1.5942521240E-02
    45    68    2.2639527614E-03
    45    69    1.4758869324E-02
    45    70    1.8704408583E-02
    45    71    1.5932417402E-01
    45    72    1.8120935083E-02
    45    73    1.2356815494E-02
    45    74    2.6851284738E-03
    45    75    1.1157776979E-02
    45    76    2.8565699213E-03
    45    77    1.1351360862E-02
    46    67    8.7473149206E-07
    46    68    2.0368636547E-04
    46    69    1.7395142259E-03
    46    70    3.0987881428E-04
    46    71    1.7074749047E-02
    46    72    1.1945460597E-03
    46    73    1.6385041882E-02
    46    74    1.0972612821E-03
    46    75    1.4043996698E-03
    46    76    3.2989740148E-04
    46    77    1.2794815872E-03
    46    78    1.6276660524E-03
    47    67    2.1591479669E-06
    47    68    1.9469460959E-03
    47    69    1.3912917278E-02
    47    70    1.9503834296E-03
    47    71    1.2880013991E-02
    47    72    1.7017394274E-02
    47    73    1.4108669487E-01
    47    74    1.6594683947E-02
    47    75    1.3096601762E-01
    47    76    1.5625105250E-02
    47    77    9.6040938189E-03
    47    78    2.1820666869E-03
    47    79    8.4383258150E-03
    47    80    2.2261526082E-03
    47    81    7.1469462105E-03
    48    68    2.8077615127E-05
    48    69    1.6803968220E-03
    48    70    1.8514005050E-04
    48    71    1.5898890337E-03
    48    72    2.3651811138E-04
    48    73    1.5623912983E-02
    48    74    1.0942003741E-03
    48    75    1.4725833103E-02
    48    76    1.1756507858E-03
    48    77    1.3602167694E-02
    48    78    1.0050022034E-03
    48    79    1.1270200108E-03
    48    80    2.6877074038E-04
    48    81    9.7252226337E-04
    48    82    4.9561268114E-04
    48    83    5.5431733464E-04
    49    69    1.4895068902E-06
    49    70    1.7158593991E-03
    49    71    1.1993374197E-02
    49    72    1.7030918558E-03
    49    73    1.1001922710E-02
    49    74    2.2245483812E-02
    49    75    1.4158759475E-01
    49    76    2.0848498457E-02
    49    77    1.2706443177E-01
    49    78    1.9104162030E-02
    49    79    1.0984952093E-01
    49    80    1.5956418288E-02
    49    81    6.3908808427E-03
    49    82    2.6308948716E-03
    49    83    3.7588451385E-03
    49    84    1.9003306354E-03
    49    85    1.9423275529E-03
    50    70    1.9955191878E-05
    50    71    1.5147169418E-03
    50    72    1.6455422633E-04
    50    73    1.4223404599E-03
    50    74    2.5889373784E-04
    50    75    2.5357974375E-02
    50    76    2.8222483595E-03
    50    77    2.2560347291E-02
    50    78    2.6827874627E-03
    50    79    1.8925290417E-02
    50    80    2.4077519711E-03
    50    81    1.4282976369E-02
    50    82    1.5828024099E-03
    50    83    4.9062570196E-04
    50    84    1.6540408413E-04
    50    85    1.9531867154E-04
    50    86    3.5773812218E-05
    50    87    3.6197669913E-05
    51    71    1.0431624670E-06
    51    72    1.5032714977E-03
    51    73    1.0074064813E-02
    51    74    1.4428389549E-03
    51    75    9.0743131401E-03
    51    76    2.5421964455E-02
    51    77    1.1712319650E-01
    51    78    2.1795157048E-02
    51    79    9.5726517285E-02
    51    80    1.7066018594E-02
    51    81    6.7717777120E-02
    51    82    1.4377347319E-02
    51    83    2.7939900939E-02
    51    84    3.8607074689E-04
    51    85    2.5522010644E-04
    51    86    1.8180097233E-04
    51    87    2.5758709030E-04
    51    88    2.4205348792E-04
    52    73    3.2637269952E-07
    52    74    1.4701374833E-04
    52    75    1.2126614731E-03
    52    76    1.5028463153E-04
    52    77    1.0777950392E-03
    52    78    2.9385877748E-03
    52    79    1.5831987625E-02
    52    80    2.1302910542E-03
    52    81    9.3040313837E-03
    52    82    1.2731365724E-03
    52    83    1.8978079840E-03
    52    84    8.4625579942E-05
    52    85    1.3742221390E-04
    52    86    9.6316105727E-05
    52    87    2.0249622798E-04
    52    88    2.6474846426E-04
    52    89    4.0931041376E-04
    52    90    7.7606655755E-05
    53    74    3.8757725397E-05
    53    75    8.0042580106E-03
    53    76    1.1616576051E-03
    53    77    6.7791074638E-03
    53    78    1.2712253502E-03
    53    79    5.4677092382E-02
    53    80    9.0138674158E-03
    53    81    2.5781209474E-02
    53    82    2.2558027587E-03
    53    83    8.8177193786E-04
    53    84    3.9222199598E-04
    53    85    9.4685521045E-04
    53    86    2.5420438088E-03
    53    87    2.1893986961E-03
    53    88    1.6282461592E-03
    53    89    3.1481859854E-03
    53    90    2.0641392657E-03
    53    91    3.4197703765E-03
    54    75    1.5335064410E-08
    54    76    1.1383308781E-06
    54    77    5.3178198624E-06
    54    78    1.4124038916E-06
    54    79    6.6047859014E-06
    54    80    2.9432555669E-06
    54    81    1.9035868365E-05
    54    82    4.2208510112E-05
    54    83    1.1278684561E-04
    54    84    2.0922091367E-05
    54    85    1.5135401599E-05
    54    86    3.6916876070E-06
    54    87    6.0637611253E-06
    54    88    2.3894321536E-06
    54    89    3.3363692403E-06
    54    90    1.9243313477E-06
    54    91    2.7428234619E-06
    54    92    5.6892940626E-07
    55    76    1.3421697865E-06
    55    77    3.1557457898E-05
    55    78    9.2432956897E-06
    55    79    4.5468396069E-05
    55    80    3.0399871453E-05
    55    81    3.4485565392E-04
    55    82    1.8938041013E-04
    55    83    4.6140261199E-04
    55    84    2.5554584897E-05
    55    85    4.1323888571E-05
    55    86    1.3529419989E-05
    55    87    2.4593560608E-05
    55    88    1.1124723040E-05
    55    89    1.8674464247E-05
    55    90    8.5167993118E-06
    55    91    1.3365566697E-05
    55    92    8.2393123184E-06
    55    93    1.0887547601E-05
    56    78    5.9797055205E-07
    56    79    1.4112279771E-05
    56    80    1.2263422389E-05
    56    81    6.0673787000E-05
    56    82    1.1189447540E-05
    56    83    1.1923947203E-05
    56    84    2.5716646440E-06
    56    85    5.7248788051E-06
    56    86    1.9051583482E-06
    56    87    4.1406441712E-06
    56    88    1.7110171022E-06
    56    89    3.4007025161E-06
    56    90    1.6037327228E-06
    56    91    2.9610327342E-06
    56    92    1.4563052784E-06
    56    93    2.3727231541E-06
    56    94    1.4739870778E-06
    56    95    2.0119440699E-06
    57    79    5.2514322038E-07
    57    80    7.2626400114E-05
    57    81    3.3066213731E-04
    57    82    1.8125744219E-05
    57    83    3.6867126987E-05
    57    84    9.7112777835E-06
    57    85    2.3869026516E-05
    57    86    8.1606299041E-06
    57    87    1.8582290246E-05
    57    88    7.4347789190E-06
    57    89    1.5616672791E-05
    57    90    6.9515252582E-06
    57    91    1.3710350703E-05
    57    92    6.6354154447E-06
    57    93    1.1423194870E-05
    57    94    6.4685870996E-06
    57    95    1.0113556422E-05
    57    96    2.4280533120E-06
    58    81    2.1253867159E-08
    58    82    1.9651724359E-06
    58    83    5.5223317586E-06
    58    84    1.4065017571E-06
    58    85    4.0664040256E-06
    58    86    1.2882801618E-06
    58    87    3.4502980382E-06
    58    88    1.2393922883E-06
    58    89    3.0152489398E-06
    58    90    1.1907818271E-06
    58    91    2.7214941881E-06
    58    92    1.1942679829E-06
    58    93    2.4531314100E-06
    58    94    1.1858164381E-06
    58    95    2.1656721958E-06
    58    96    1.2147782131E-06
    58    97    1.8913467499E-06
    59    83    1.7186727128E-07
    59    84    6.4540176919E-06
    59    85    1.8756242150E-05
    59    86    5.7999138040E-06
    59    87    1.5962044843E-05
    59    88    5.6117588249E-06
    59    89    1.4102206340E-05
    59    90    5.4899760878E-06
    59    91    1.2589179827E-05
    59    92    5.3026773036E-06
    59    93    1.1448491820E-05
    59    94    5.2583915424E-06
    59    95    1.0190552656E-05
    59    96    5.2791265284E-06
    59    97    9.1998167550E-06
    59    98    2.2166373778E-06
    60    85    2.6238709906E-08
    60    86    9.9568156703E-07
    60    87    3.1400747443E-06
    60    88    9.6534156900E-07
    60    89    2.8356777424E-06
    60    90    9.7898774724E-07
    60    91    2.5811370795E-06
    60    92    9.6423797171E-07
    60    93    2.3902554301E-06
    60    94    9.7764830287E-07
    60    95    2.1998027040E-06
    60    96    9.9409260245E-07
    60    97    2.0111523757E-06
    60    98    9.9696866954E-07
    60    99    1.8172179108E-06
    61    86    1.3793107902E-06
    61    87    1.4699349736E-05
    61    88    4.5304206698E-06
    61    89    1.3257163544E-05
    61    90    4.4931485366E-06
    61    91    1.1979292876E-05
    61    92    4.3568225938E-06
    61    93    1.1048385667E-05
    61    94    4.3435213302E-06
    61    95    1.0118928376E-05
    61    96    4.3529799879E-06
    61    97    9.2445549274E-06
    61    98    4.3896207536E-06
    61    99    8.2139256938E-06
    62    88    2.6187904776E-07
    62    89    2.7136035071E-06
    62    90    8.2413038377E-07
    62    91    2.5000014118E-06
    62    92    8.2701109483E-07
    62    93    2.3221597963E-06
    62    94    8.1921040502E-07
    62    95    2.1777128155E-06
    62    96    8.3277080644E-07
    62    97    2.0263001339E-06
    62    98    8.5047475834E-07
    62    99    1.8806646696E-06
    62   100    4.0923780037E-07
    63    91    1.0699822919E-07
    63    92    3.7679295294E-06
    63    93    1.0605268586E-05
    63    94    3.7419398345E-06
    63    95    9.7990766738E-06
    63    96    3.6671025028E-06
    63    97    9.1241071286E-06
    63    98    3.6798033768E-06
    63    99    8.4278635211E-06
    63   100    3.7112317844E-06
    63   101    7.5828949455E-06
    64    93    2.0163398194E-08
    64    94    7.1695955597E-07
    64    95    2.1272247742E-06
    64    96    7.2527615835E-07
    64    97    1.9939059343E-06
    64    98    7.2237941174E-07
    64    99    1.8813072460E-06
    64   100    4.0451210173E-07
    65    97    1.0912888230E-07
    65    98    3.1976526405E-06
    65    99    8.1142805687E-06
