     0     1    1.8917714427E+00
    42    62    4.4449525553E-04
    42    63    9.3981054813E-03
    42    64    1.2401921060E-03
    42    65    8.9208798445E-03
    42    66    5.8860208418E-04
    43    63    2.6600258936E-05
    43    64    1.2434912251E-02
    43    65    9.8651611841E-02
    43    66    1.5016183386E-02
    43    67    9.0895630599E-02
    43    68    1.1453431844E-02
    43    69    8.6188433556E-03
    43    70    1.2005348316E-03
    44    63    2.8921612039E-06
    44    64    9.9081185224E-04
    44    65    1.0272315872E-02
    44    66    1.3061952892E-03
    44    67    9.7368189130E-03
    44    68    1.5349473041E-03
    44    69    9.1393475484E-03
    44    70    9.0867733318E-04
    44    71    1.0039696967E-03
    44    72    3.1699642814E-04
    44    73    8.9805446866E-04
    45    64    4.3599174437E-04
    45    65    1.0315575272E-02
    45    66    1.2013480511E-02
    45    67    8.7101963934E-02
    45    68    1.2583217051E-02
    45    69    8.0523582733E-02
    45    70    1.3471110104E-02
    45    71    7.3816696456E-02
    45    72    1.0002357891E-02
    45    73    6.5093200796E-03
    45    74    2.1134809120E-03
    45    75    5.6715501180E-03
    46    65    4.1674819628E-06
    46    66    1.0212032239E-03
    46    67    9.5653241364E-03
    46    68    1.1192934047E-03
    46    69    9.1089038312E-03
    46    70    1.2785169662E-03
    46    71    8.5692781118E-03
    46    72    1.4156483790E-03
    46    73    8.0318582041E-03
    46    74    8.6351620223E-04
    46    75    8.1067135815E-04
    46    76    2.6786052942E-04
    46    77    7.1885591217E-04
    47    65    8.7277472411E-06
    47    66    1.5455138908E-03
    47    67    8.6550033323E-03
    47    68    1.0635301128E-02
    47    69    7.6153128088E-02
    47    70    1.0721769712E-02
    47    71    7.0543171253E-02
    47    72    1.1149382939E-02
    47    73    6.4672986470E-02
    47    74    1.1484389538E-02
    47    75    5.8942954629E-02
    47    76    8.4370017792E-03
    47    77    4.8906946436E-03
    47    78    1.6012677128E-03
    47    79    4.2182074287E-03
    48    66    4.1547604406E-05
    48    67    1.1276031940E-03
    48    68    3.0713332227E-04
    48    69    8.8275553802E-03
    48    70    1.0065624788E-03
    48    71    8.3621951090E-03
    48    72    1.0858450293E-03
    48    73    7.8784461890E-03
    48    74    1.2145465315E-03
    48    75    7.3089842536E-03
    48    76    1.3147691866E-03
    48    77    6.7076286406E-03
    48    78    2.0686184718E-04
    48    79    6.3997130156E-04
    48    80    2.0920740201E-04
    48    81    5.5476619234E-04
    49    67    6.2954038353E-06
    49    68    1.2786167626E-03
    49    69    7.2483553662E-03
    49    70    1.1172233014E-02
    49    71    7.3855734380E-02
    49    72    1.1130872151E-02
    49    73    6.7864271450E-02
    49    74    1.1024584742E-02
    49    75    6.1827352194E-02
    49    76    1.1186432262E-02
    49    77    5.5272210671E-02
    49    78    1.1127474659E-02
    49    79    4.8354867092E-02
    49    80    1.2072798829E-03
    49    81    3.4311341886E-03
    49    82    5.6647719422E-04
    50    68    3.0282210496E-05
    50    69    9.8542202652E-04
    50    70    2.9753302789E-04
    50    71    1.0711587462E-02
    50    72    1.3503968933E-03
    50    73    1.0036269551E-02
    50    74    1.4211907505E-03
    50    75    9.2524885470E-03
    50    76    1.4602707544E-03
    50    77    8.3925237300E-03
    50    78    1.5258817994E-03
    50    79    7.3497167983E-03
    50    80    1.5021913931E-03
    50    81    6.1029585380E-03
    50    82    2.4197836807E-04
    50    83    3.3994275590E-04
    50    84    5.1441122813E-05
    51    69    4.5232673705E-06
    51    70    1.0736779186E-03
    51    71    5.9981854746E-03
    51    72    1.5748319339E-03
    51    73    6.3516479659E-02
    51    74    1.0690229594E-02
    51    75    5.7435297091E-02
    51    76    1.0317146936E-02
    51    77    5.0679345224E-02
    51    78    9.6845719614E-03
    51    79    4.3095212353E-02
    51    80    8.7267536040E-03
    51    81    3.3818235102E-02
    51    82    5.6877343536E-03
    51    83    1.9009599431E-03
    51    84    5.9305037743E-04
    51    85    6.3968054589E-04
    51    86    1.1671462649E-04
    52    70    2.0239974379E-05
    52    71    8.5306741908E-04
    52    72    1.2565311106E-04
    52    73    7.8687375052E-04
    52    74    1.2785604742E-03
    52    75    8.1792910255E-03
    52    76    1.2724834567E-03
    52    77    7.2174712434E-03
    52    78    1.2073205103E-03
    52    79    6.0308499085E-03
    52    80    1.0576261628E-03
    52    81    4.4191116753E-03
    52    82    9.9590780717E-04
    52    83    1.7080440103E-03
    52    84    1.1918467652E-04
    52    85    1.0091496884E-04
    52    86    1.1706213696E-04
    52    87    1.9603986749E-04
    53    72    9.3707181105E-05
    53    73    4.8964780142E-03
    53    74    1.1929606633E-03
    53    75    3.9389156416E-02
    53    76    7.0576759698E-03
    53    77    3.3694890334E-02
    53    78    6.2589093449E-03
    53    79    2.6540380485E-02
    53    80    4.8370231558E-03
    53    81    1.6617788213E-02
    53    82    2.4041095214E-03
    53    83    2.2510750770E-03
    53    84    9.2008755224E-04
    53    85    2.0354429350E-03
    53    86    8.0591009189E-04
    53    87    1.4860020371E-03
    53    88    3.3918361892E-04
    54    73    6.1391558559E-07
    54    74    1.0672268002E-04
    54    75    6.5102658244E-04
    54    76    1.9601825866E-04
    54    77    4.2212659185E-03
    54    78    6.4950755140E-04
    54    79    3.1094258590E-03
    54    80    4.3274877756E-04
    54    81    1.4010859202E-03
    54    82    1.0920081704E-04
    54    83    2.1947730422E-04
    54    84    3.3525048387E-04
    54    85    1.1230092903E-03
    54    86    9.3201782987E-04
    54    87    2.1339317699E-03
    54    88    1.6710408337E-04
    54    89    2.9568275001E-04
    54    90    5.3787459804E-05
    55    74    8.1761047585E-06
    55    75    2.5737268963E-04
    55    76    5.6737795396E-05
    55    77    2.5529327328E-04
    55    78    7.0707093408E-05
    55    79    3.1906463769E-04
    55    80    1.2539702676E-04
    55    81    8.9011699450E-04
    55    82    3.5301422327E-04
    55    83    7.4020064203E-04
    55    84    1.1334057421E-04
    55    85    2.1996504052E-04
    55    86    8.4088183508E-05
    55    87    1.6069356189E-04
    55    88    7.0799279615E-05
    55    89    1.1615798877E-04
    55    90    6.2525716820E-05
    55    91    9.6411279224E-05
    56    76    1.7584619002E-06
    56    77    4.7492431291E-05
    56    78    1.0922961237E-05
    56    79    6.2200705011E-05
    56    80    3.1515696491E-05
    56    81    1.7723815416E-04
    56    82    2.9909929992E-05
    56    83    5.4724268827E-05
    56    84    1.4227136712E-05
    56    85    3.4530580458E-05
    56    86    1.2395667294E-05
    56    87    2.7954029506E-05
    56    88    1.1755800023E-05
    56    89    2.3881577632E-05
    56    90    1.0754791096E-05
    56    91    1.9655100521E-05
    56    92    3.8555311635E-06
    57    77    6.4209621932E-07
    57    78    8.2837814674E-05
    57    79    6.6164230369E-04
    57    80    1.6151804269E-04
    57    81    6.8217130701E-04
    57    82    8.6321080282E-05
    57    83    2.1620600972E-04
    57    84    6.3479452013E-05
    57    85    1.6058241443E-04
    57    86    5.6852208011E-05
    57    87    1.3365856916E-04
    57    88    5.3557294890E-05
    57    89    1.1480168108E-04
    57    90    5.0436512156E-05
    57    91    1.0084122563E-04
    57    92    4.7478125014E-05
    57    93    8.4603872730E-05
    57    94    1.8920939769E-05
    58    78    3.6004230871E-06
    58    79    1.3225423755E-04
    58    80    1.9635117990E-05
    58    81    5.4481791719E-05
    58    82    1.1016105115E-05
    58    83    3.4861218506E-05
    58    84    9.4438137877E-06
    58    85    2.8658694138E-05
    58    86    9.0618152783E-06
    58    87    2.4679716604E-05
    58    88    8.7779303908E-06
    58    89    2.1794335745E-05
    58    90    8.4394591123E-06
    58    91    1.9592012787E-05
    58    92    8.3039251308E-06
    58    93    1.7131135471E-05
    58    94    8.2649294535E-06
    58    95    1.4831660951E-05
    59    80    6.3782450585E-06
    59    81    2.2334187878E-04
    59    82    5.1991433018E-05
    59    83    1.6273945467E-04
    59    84    4.5648844511E-05
    59    85    1.3818053453E-04
    59    86    4.2503174458E-05
    59    87    1.2020635929E-04
    59    88    4.1291874691E-05
    59    89    1.0506127906E-04
    59    90    3.9952994413E-05
    59    91    9.2921228088E-05
    59    92    3.8097840331E-05
    59    93    8.3174045735E-05
    59    94    3.7196353312E-05
    59    95    7.2840854985E-05
    59    96    1.6415899761E-05
    60    82    2.3442926349E-06
    60    83    2.9264718112E-05
    60    84    7.3697451323E-06
    60    85    2.5593580678E-05
    60    86    7.0748681686E-06
    60    87    2.2913212443E-05
    60    88    6.8747843864E-06
    60    89    2.0616119693E-05
    60    90    6.9066753774E-06
    60    91    1.8460583286E-05
    60    92    6.6916889018E-06
    60    93    1.6803234172E-05
    60    94    6.6630584347E-06
    60    95    1.5147820245E-05
    60    96    6.6427334091E-06
    60    97    1.3238938719E-05
    61    83    6.9983043974E-07
    61    84    3.6675016959E-05
    61    85    1.2379337668E-04
    61    86    3.4514138195E-05
    61    87    1.0987380847E-04
    61    88    3.2999452753E-05
    61    89    9.8334641101E-05
    61    90    3.2348684853E-05
    61    91    8.7483176876E-05
    61    92    3.0804942973E-05
    61    93    7.8935369328E-05
    61    94    3.0059385771E-05
    61    95    7.0667751276E-05
    61    96    2.9452582185E-05
    61    97    6.3017126549E-05
    61    98    1.4232335380E-05
    62    85    1.2167692623E-07
    62    86    5.8988118852E-06
    62    87    2.1352959243E-05
    62    88    5.7342011089E-06
    62    89    1.9434736980E-05
    62    90    5.7106133953E-06
    62    91    1.7601792238E-05
    62    92    5.6300160226E-06
    62    93    1.6017413626E-05
    62    94    5.4606941766E-06
    62    95    1.4671606988E-05
    62    96    5.4252782515E-06
    62    97    1.3317737944E-05
    62    98    5.4085795489E-06
    62    99    1.1794574652E-05
    63    87    5.7435299300E-07
    63    88    2.7696137609E-05
    63    89    9.1421788739E-05
    63    90    2.6953599918E-05
    63    91    8.2145199321E-05
    63    92    2.6042433087E-05
    63    93    7.4120294619E-05
    63    94    2.5284281071E-05
    63    95    6.6814925188E-05
    63    96    2.4177144982E-05
    63    97    6.0602566334E-05
    63    98    2.3643394511E-05
    63    99    5.3438461528E-05
    64    89    1.0600222568E-07
    64    90    4.7656116048E-06
    64    91    1.6755012532E-05
    64    92    4.7388515848E-06
    64    93    1.5282553639E-05
    64    94    4.6618304715E-06
    64    95    1.3983422244E-05
    64    96    4.6039280448E-06
    64    97    1.2770681677E-05
    64    98    4.4703311892E-06
    64    99    1.1728274826E-05
    64   100    2.4283048648E-06
    65    91    4.8744755380E-07
    65    92    2.2037485177E-05
    65    93    6.9611932942E-05
    65    94    2.1254178932E-05
    65    95    6.3167920170E-05
    65    96    2.0549655852E-05
    65    97    5.7221509024E-05
    65    98    1.9974188366E-05
    65    99    5.1702893886E-05
    65   100    1.1761765201E-05
    65   101    7.1326192436E-10
    66    94    1.1527410369E-06
    66    95    1.3311033131E-05
    66    96    3.8918517505E-06
    66    97    1.2225463326E-05
    66    98    3.8275007214E-06
    66    99    1.1207225473E-05
    66   100    2.3144811968E-06
    66   101    2.4229253448E-11
    67    98    3.6209808345E-12
    67    99    3.4205016884E-11
    67   100    9.2222318446E-12
    67   101    3.3662501551E-11
    67   102    5.0641601030E-12
