     0     1    1.7277132813E+00
    43    66    9.2009930728E-03
    43    67    5.7388755007E-02
    43    68    1.8210226036E-02
    43    69    4.9618826064E-02
    43    70    7.6107060340E-03
    44    65    4.0185155156E-05
    44    66    2.1066018135E-03
    44    67    7.9058508704E-03
    44    68    2.1790997057E-03
    44    69    6.9767647984E-03
    44    70    2.1909576149E-03
    44    71    6.1701976711E-03
    44    72    2.2054810563E-03
    44    73    5.3559673862E-03
    45    65    2.2780461912E-04
    45    66    1.3913882111E-02
    45    67    5.3812654577E-02
    45    68    1.3800176337E-02
    45    69    4.6711750601E-02
    45    70    1.3757950570E-02
    45    71    4.0302842665E-02
    45    72    1.3397358599E-02
    45    73    3.4869572869E-02
    45    74    1.3085483133E-02
    45    75    2.9570121769E-02
    46    66    6.7460819004E-04
    46    67    7.4804250106E-03
    46    68    1.6378847274E-03
    46    69    6.7071524239E-03
    46    70    1.6729614146E-03
    46    71    5.9480704547E-03
    46    72    1.6698236209E-03
    46    73    5.2880274500E-03
    46    74    1.7139573640E-03
    46    75    4.6286934459E-03
    46    76    1.7142904320E-03
    46    77    4.0081446559E-03
    47    67    1.6104959258E-04
    47    68    1.0778105163E-02
    47    69    4.3137512582E-02
    47    70    1.0358763954E-02
    47    71    3.7832451240E-02
    47    72    1.0209583633E-02
    47    73    3.2844678127E-02
    47    74    9.8807266395E-03
    47    75    2.8605159996E-02
    47    76    9.5661259984E-03
    47    77    2.4805339701E-02
    47    78    9.2938193044E-03
    47    79    2.1067038622E-02
    48    67    1.7470518561E-05
    48    68    1.3088707323E-03
    48    69    6.2835622614E-03
    48    70    1.3171741524E-03
    48    71    5.6181788284E-03
    48    72    1.3001973331E-03
    48    73    5.0294996264E-03
    48    74    1.3166679449E-03
    48    75    4.4538647709E-03
    48    76    1.3054428190E-03
    48    77    3.9547136029E-03
    48    78    1.2936938737E-03
    48    79    3.4943470342E-03
    48    80    1.2852967405E-03
    48    81    3.0253055443E-03
    49    68    1.9558412706E-03
    49    69    3.9439168620E-02
    49    70    8.2609748700E-03
    49    71    3.4664474785E-02
    49    72    8.0197089002E-03
    49    73    3.0361718066E-02
    49    74    7.6717022954E-03
    49    75    2.6632725264E-02
    49    76    7.5310562221E-03
    49    77    2.3131150113E-02
    49    78    7.2589302747E-03
    49    79    2.0158032339E-02
    49    80    7.0005672132E-03
    49    81    1.7490511614E-02
    49    82    1.0543623456E-02
    49    83    1.1080088144E-02
    50    69    1.2965395142E-05
    50    70    1.0683048658E-03
    50    71    5.2316060914E-03
    50    72    1.0434609809E-03
    50    73    4.7059512262E-03
    50    74    1.0413021147E-03
    50    75    4.2016120935E-03
    50    76    1.0207935142E-03
    50    77    3.7555533025E-03
    50    78    1.0273355609E-03
    50    79    3.3230909821E-03
    50    80    1.0111251770E-03
    50    81    2.9462519498E-03
    50    82    1.5558603820E-03
    50    83    2.0818247391E-03
    50    84    1.4694947871E-03
    50    85    1.7258367573E-03
    51    70    1.3292080673E-03
    51    71    3.1425219932E-02
    51    72    6.4913769533E-03
    51    73    2.7690061505E-02
    51    74    6.1463547936E-03
    51    75    2.4419542277E-02
    51    76    5.9450109349E-03
    51    77    2.1395365892E-02
    51    78    5.6650715304E-03
    51    79    1.8774602871E-02
    51    80    5.4188775296E-03
    51    81    1.6439815070E-02
    51    82    7.6884180898E-03
    51    83    1.2052111092E-02
    51    84    7.3133328946E-03
    51    85    1.0156612364E-02
    51    86    2.1451943195E-03
    52    71    9.5633561092E-06
    52    72    8.6253418950E-04
    52    73    4.3528110236E-03
    52    74    8.4828071358E-04
    52    75    3.9074430845E-03
    52    76    8.3806416034E-04
    52    77    3.4953683277E-03
    52    78    8.1546944088E-04
    52    79    3.1296249827E-03
    52    80    7.9564274004E-04
    52    81    2.7941554128E-03
    52    82    1.1516694162E-03
    52    83    2.1410838661E-03
    52    84    1.1193604614E-03
    52    85    1.8494986547E-03
    52    86    1.1141379708E-03
    52    87    1.5802723413E-03
    52    88    3.0504065851E-04
    53    72    9.0327808856E-04
    53    73    2.5023331640E-02
    53    74    5.0627641014E-03
    53    75    2.2158744871E-02
    53    76    4.8244553142E-03
    53    77    1.9525175718E-02
    53    78    4.6286270084E-03
    53    79    1.7157407700E-02
    53    80    4.3846055346E-03
    53    81    1.5096723535E-02
    53    82    5.8740585162E-03
    53    83    1.1682317134E-02
    53    84    5.5797718364E-03
    53    85    1.0019230244E-02
    53    86    5.4140454302E-03
    53    87    8.5091749059E-03
    53    88    5.2871828174E-03
    53    89    6.8898864034E-03
    54    74    1.5032507944E-04
    54    75    3.5979885329E-03
    54    76    6.9223549896E-04
    54    77    3.2336244597E-03
    54    78    6.6691093967E-04
    54    79    2.9078250159E-03
    54    80    6.5457972020E-04
    54    81    2.5976902486E-03
    54    82    8.9243537844E-04
    54    83    2.0829573983E-03
    54    84    8.6575367166E-04
    54    85    1.8253542474E-03
    54    86    8.5519611496E-04
    54    87    1.5879985048E-03
    54    88    8.4742259925E-04
    54    89    1.3690107608E-03
    54    90    8.1684002686E-04
    54    91    1.1534873584E-03
    55    75    3.9261733843E-05
    55    76    4.0213823066E-03
    55    77    1.7661227017E-02
    55    78    3.8051644010E-03
    55    79    1.5595565790E-02
    55    80    3.5740615926E-03
    55    81    1.3788656639E-02
    55    82    4.5634981900E-03
    55    83    1.1056596955E-02
    55    84    4.3167434039E-03
    55    85    9.5806567653E-03
    55    86    4.1709941097E-03
    55    87    8.2694378370E-03
    55    88    4.0298890762E-03
    55    89    7.0791138048E-03
    55    90    3.8095482978E-03
    55    91    6.1344451596E-03
    55    92    1.3404140918E-03
    56    76    1.0562331131E-04
    56    77    2.9662952979E-03
    56    78    5.5994429007E-04
    56    79    2.6750337900E-03
    56    80    5.4243160088E-04
    56    81    2.4014222552E-03
    56    82    6.8844352468E-04
    56    83    2.0004563695E-03
    56    84    6.7975964769E-04
    56    85    1.7538599210E-03
    56    86    6.6800903521E-04
    56    87    1.5441827644E-03
    56    88    6.5632120669E-04
    56    89    1.3512011172E-03
    56    90    6.2898370027E-04
    56    91    1.1915754228E-03
    56    92    6.2194242671E-04
    56    93    9.9944439461E-04
    57    78    4.5824594890E-04
    57    79    1.4069630272E-02
    57    80    3.0135120961E-03
    57    81    1.2446565657E-02
    57    82    3.5488702786E-03
    57    83    1.0350017058E-02
    57    84    3.4037375096E-03
    57    85    8.9814566789E-03
    57    86    3.2632898190E-03
    57    87    7.8252811459E-03
    57    88    3.1306682839E-03
    57    89    6.7847217314E-03
    57    90    2.9408186910E-03
    57    91    5.9233637020E-03
    57    92    2.8443800264E-03
    57    93    5.0913490737E-03
    57    94    2.7512100735E-03
    57    95    4.1985478274E-03
    58    79    4.7987673553E-06
    58    80    4.6015599350E-04
    58    81    2.2010111979E-03
    58    82    5.5679747093E-04
    58    83    1.8719121905E-03
    58    84    5.3288165683E-04
    58    85    1.6672762716E-03
    58    86    5.3043580470E-04
    58    87    1.4692590074E-03
    58    88    5.1718853021E-04
    58    89    1.2978037921E-03
    58    90    4.9351767983E-04
    58    91    1.1537317699E-03
    58    92    4.8340368857E-04
    58    93    1.0098690607E-03
    58    94    4.7555217535E-04
    58    95    8.7953007703E-04
    58    96    1.7716512489E-04
    59    81    2.3191274527E-05
    59    82    2.8800935184E-03
    59    83    9.4831912510E-03
    59    84    2.6899462521E-03
    59    85    8.3427994530E-03
    59    86    2.5538502014E-03
    59    87    7.3255397569E-03
    59    88    2.4783980324E-03
    59    89    6.3601222921E-03
    59    90    2.3697469041E-03
    59    91    5.5400415305E-03
    59    92    2.2192398237E-03
    59    93    4.8588553654E-03
    59    94    2.1309668159E-03
    59    95    4.1970587619E-03
    59    96    2.0569391372E-03
    59    97    3.5045655302E-03
    60    82    1.3680067085E-04
    60    83    1.7327440273E-03
    60    84    4.3698847613E-04
    60    85    1.5504990135E-03
    60    86    4.2161497844E-04
    60    87    1.3845911217E-03
    60    88    4.0710319788E-04
    60    89    1.2323811204E-03
    60    90    4.0331073364E-04
    60    91    1.0846626570E-03
    60    92    3.8337746001E-04
    60    93    9.6650724016E-04
    60    94    3.7338486854E-04
    60    95    8.5072254615E-04
    60    96    3.6452697610E-04
    60    97    7.4427259190E-04
    60    98    1.5140868481E-04
    61    84    5.7761538056E-04
    61    85    7.6098863456E-03
    61    86    2.0854836865E-03
    61    87    6.7110631989E-03
    61    88    1.9694717352E-03
    61    89    5.9087683967E-03
    61    90    1.8975045109E-03
    61    91    5.1521915521E-03
    61    92    1.7687193326E-03
    61    93    4.5413180820E-03
    61    94    1.6849652929E-03
    61    95    3.9628335607E-03
    61    96    1.6099919368E-03
    61    97    3.4447072507E-03
    61    98    1.5428699475E-03
    61    99    2.9030121078E-03
    62    86    1.0238052339E-04
    62    87    1.2801700150E-03
    62    88    3.3524325923E-04
    62    89    1.1450298070E-03
    62    90    3.2773512548E-04
    62    91    1.0154048495E-03
    62    92    3.1617478090E-04
    62    93    9.0229905294E-04
    62    94    2.9939291946E-04
    62    95    8.0555393518E-04
    62    96    2.8992533273E-04
    62    97    7.1173298655E-04
    62    98    2.8147842982E-04
    62    99    6.2615602409E-04
    62   100    1.2812727126E-04
    63    88    4.1727774252E-04
    63    89    5.3911095376E-03
    63    90    1.5489655454E-03
    63    91    4.7320719955E-03
    63    92    1.4613920105E-03
    63    93    4.1623019995E-03
    63    94    1.3829018125E-03
    63    95    3.6518021168E-03
    63    96    1.2870422133E-03
    63    97    3.2199870688E-03
    63    98    1.2236483011E-03
    63    99    2.8108724694E-03
    63   100    6.2772937153E-04
    64    90    7.6292283180E-05
    64    91    9.4409168826E-04
    64    92    2.5978172247E-04
    64    93    8.3936239567E-04
    64    94    2.4915691374E-04
    64    95    7.4760213372E-04
    64    96    2.3958939726E-04
    64    97    6.6393788349E-04
    64    98    2.2629481818E-04
    64    99    5.9246362129E-04
    64   100    2.1848232536E-04
    64   101    5.1409480074E-04
    65    92    3.1697426633E-04
    65    93    3.8049764627E-03
    65    94    1.1318114382E-03
    65    95    3.3567264232E-03
    65    96    1.0640696039E-03
    65    97    2.9536421045E-03
    65    98    1.0048371735E-03
    65    99    2.5906315482E-03
    65   100    9.3548306219E-04
    65   101    2.2850618040E-03
    65   102    5.1613488404E-04
    66    94    5.9620301571E-05
    66    95    6.9199497694E-04
    66    96    1.9704594908E-04
    66    97    6.1758451410E-04
    66    98    1.8838499431E-04
    66    99    5.4978874331E-04
    66   100    1.7724584530E-04
    66   101    4.9112331329E-04
    66   102    1.0109370503E-04
    67    97    2.2287686607E-05
    67    98    8.2463929259E-04
    67    99    2.3819256660E-03
    67   100    7.7500234548E-04
    67   101    2.0713231534E-03
