     0     1    2.2359518998E+00
    44    65    3.1784462879E-05
    44    66    1.5604789629E-03
    44    67    5.6377621123E-03
    44    68    1.5885023375E-03
    44    69    4.9207076038E-03
    44    70    1.5737074698E-03
    44    71    4.3045443971E-03
    44    72    5.7855121855E-04
    45    65    1.8722711736E-04
    45    66    1.0248364304E-02
    45    67    3.8026239471E-02
    45    68    1.0014557793E-02
    45    69    3.2639754621E-02
    45    70    9.8344517572E-03
    45    71    2.7850672236E-02
    45    72    9.4398254723E-03
    45    73    2.3834292980E-02
    45    74    3.9010829888E-03
    46    66    5.0550892351E-04
    46    67    5.2791624191E-03
    46    68    1.1872398576E-03
    46    69    4.6810874870E-03
    46    70    1.1938957957E-03
    46    71    4.1054844737E-03
    46    72    1.1744091723E-03
    46    73    3.6099967959E-03
    46    74    1.1874865920E-03
    46    75    3.1254021952E-03
    46    76    1.1712364741E-03
    46    77    2.6753695147E-03
    47    67    1.3006963518E-04
    47    68    7.7474460718E-03
    47    69    2.9846019614E-02
    47    70    7.3438319177E-03
    47    71    2.5884977003E-02
    47    72    7.1346373375E-03
    47    73    2.2222558052E-02
    47    74    6.8089874445E-03
    47    75    1.9142499446E-02
    47    76    6.5012976538E-03
    47    77    1.6418927060E-02
    47    78    6.2300532314E-03
    47    79    1.3783437118E-02
    48    67    1.3772084912E-05
    48    68    9.4153663920E-04
    48    69    4.3401446457E-03
    48    70    9.3324046874E-04
    48    71    3.8372561416E-03
    48    72    9.0796027177E-04
    48    73    3.3972188292E-03
    48    74    9.0580495653E-04
    48    75    2.9752020283E-03
    48    76    8.8550642755E-04
    48    77    2.6128260179E-03
    48    78    8.6544233303E-04
    48    79    2.2834380467E-03
    48    80    8.4817570294E-04
    48    81    1.9542879488E-03
    49    68    1.5141924511E-03
    49    69    2.7024452642E-02
    49    70    5.7957749224E-03
    49    71    2.3482750725E-02
    49    72    5.5511519110E-03
    49    73    2.0336517977E-02
    49    74    5.2390576975E-03
    49    75    1.7641183523E-02
    49    76    5.0716844336E-03
    49    77    1.5152189107E-02
    49    78    4.8225175020E-03
    49    79    1.3060197189E-02
    49    80    4.5886174887E-03
    49    81    1.1208414129E-02
    49    82    2.0331645901E-03
    50    69    1.0032101780E-05
    50    70    7.5059947513E-04
    50    71    3.5363632304E-03
    50    72    7.2284545696E-04
    50    73    3.1455323769E-03
    50    74    7.1087560767E-04
    50    75    2.9152769267E-03
    50    76    8.2983172030E-03
    50    77    3.3816638205E-02
    50    78    6.8166093102E-04
    50    79    2.1482114811E-03
    50    80    6.6177074801E-04
    50    81    1.8836907401E-03
    50    82    9.9714741136E-04
    50    83    1.3167243952E-03
    50    84    2.4535235230E-04
    51    70    1.0098806596E-03
    51    71    2.1078608265E-02
    51    72    4.4444221760E-03
    51    73    1.8361969581E-02
    51    74    4.1544206688E-03
    51    75    1.6011987466E-02
    51    76    1.6648090685E-02
    51    77    1.8897917662E-01
    51    78    4.6358927531E-02
    51    79    1.6677063696E-01
    51    80    3.5201255514E-03
    51    81    1.0425264520E-02
    51    82    4.8967993437E-03
    51    83    7.5564798858E-03
    51    84    4.5983824466E-03
    51    85    6.2990027076E-03
    51    86    1.3264069222E-03
    52    71    7.2636062036E-06
    52    72    5.9204435326E-04
    52    73    2.8794878241E-03
    52    74    5.7412830942E-04
    52    75    2.5558006510E-03
    52    76    5.5922202401E-04
    52    77    2.3480452202E-03
    52    78    5.5583666189E-03
    52    79    2.3035883742E-02
    52    80    5.4750087192E-03
    52    81    2.0470502579E-02
    52    82    7.3219676269E-04
    52    83    1.3393963975E-03
    52    84    7.0231263880E-04
    52    85    1.1443365984E-03
    52    86    6.9012786037E-04
    52    87    9.3278465910E-04
    53    72    6.7342608211E-04
    53    73    1.6428722883E-02
    53    74    3.3829651154E-03
    53    75    1.4383847569E-02
    53    76    3.1836950724E-03
    53    77    1.2530990204E-02
    53    78    9.1986174884E-03
    53    79    1.0518231252E-01
    53    80    2.5275845397E-02
    53    81    9.2083634675E-02
    53    82    1.7706562786E-02
    53    83    7.2471047386E-03
    53    84    3.4768748467E-03
    53    85    6.1476187455E-03
    53    86    3.3306360283E-03
    53    87    5.1641887437E-03
    53    88    3.2116611011E-03
    53    89    4.1333582226E-03
    54    73    5.2307863178E-06
    54    74    4.7616932377E-04
    54    75    2.3291091459E-03
    54    76    4.5770655606E-04
    54    77    2.0696380179E-03
    54    78    4.3507572810E-04
    54    79    1.8783201057E-03
    54    80    2.6950467064E-03
    54    81    1.1239961900E-02
    54    82    3.6052889899E-03
    54    83    8.5954537456E-03
    54    84    1.6315177137E-03
    54    85    1.1171404345E-03
    54    86    5.2514859353E-04
    54    87    9.6119072443E-04
    54    88    5.1374169587E-04
    54    89    8.1953510075E-04
    54    90    1.5999519020E-04
    55    75    2.9537998154E-05
    55    76    2.6229026724E-03
    55    77    1.1220247381E-02
    55    78    2.4517845364E-03
    55    79    9.7957357243E-03
    55    80    4.2759073874E-03
    55    81    4.3695844120E-02
    55    82    1.3261628032E-02
    55    83    3.2223981577E-02
    55    84    9.4150829393E-03
    55    85    1.7862823181E-02
    55    86    4.1644421049E-03
    55    87    4.9652267686E-03
    55    88    2.4253318589E-03
    55    89    4.2039864426E-03
    55    90    2.2647622581E-03
    55    91    3.6031246820E-03
    55    92    7.8449767427E-04
    56    76    7.2328934541E-05
    56    77    1.8789199508E-03
    56    78    3.6175789874E-04
    56    79    1.6753319873E-03
    56    80    3.4578687494E-04
    56    81    1.4870534723E-03
    56    82    5.0000271119E-04
    56    83    1.6614973053E-03
    56    84    7.0214395615E-04
    56    85    1.9349107181E-03
    56    86    5.9374129813E-04
    56    87    1.2749948496E-03
    56    88    3.9441460710E-04
    56    89    8.0008406533E-04
    56    90    3.7331701962E-04
    56    91    6.9777194515E-04
    56    92    3.6448899699E-04
    56    93    5.7849566716E-04
    57    77    2.0285729471E-05
    57    78    2.0407250408E-03
    57    79    8.7474233271E-03
    57    80    1.8960899769E-03
    57    81    7.6506749188E-03
    57    82    2.2000459222E-03
    57    83    6.3161550444E-03
    57    84    2.9258595696E-03
    57    85    7.2909437683E-03
    57    86    2.3715518809E-03
    57    87    5.5722268650E-03
    57    88    2.1992400746E-03
    57    89    4.7039050685E-03
    57    90    1.7318857704E-03
    57    91    3.4419150528E-03
    57    92    1.6542042340E-03
    57    93    2.9259320780E-03
    57    94    6.3905928382E-04
    58    79    3.3158063289E-06
    58    80    2.9039516464E-04
    58    81    1.3487423210E-03
    58    82    3.4521015701E-04
    58    83    1.1339042418E-03
    58    84    3.2598736327E-04
    58    85    9.9945227624E-04
    58    86    3.4549090226E-04
    58    87    9.4160531035E-04
    58    88    3.3136089242E-04
    58    89    8.2063183333E-04
    58    90    3.0018662242E-04
    58    91    6.6830234386E-04
    58    92    2.8076418003E-04
    58    93    5.7848917482E-04
    58    94    2.7273140020E-04
    58    95    4.9825551514E-04
    58    96    1.0099785102E-04
    59    80    2.1258278406E-04
    59    81    6.8159351774E-03
    59    82    1.7677973935E-03
    59    83    5.7003067022E-03
    59    84    1.6297922809E-03
    59    85    4.9590621272E-03
    59    86    1.5277875635E-03
    59    87    4.3079102223E-03
    59    88    1.5189757153E-03
    59    89    3.8488553160E-03
    59    90    1.4351247594E-03
    59    91    3.3155766276E-03
    59    92    1.2783202044E-03
    59    93    2.7624329874E-03
    59    94    1.2122817046E-03
    59    95    2.3598710281E-03
    59    96    1.1557842399E-03
    59    97    1.9480196295E-03
    60    82    8.4852428544E-05
    60    83    1.0385582948E-03
    60    84    2.6491691072E-04
    60    85    9.1890756998E-04
    60    86    2.5227459772E-04
    60    87    8.1140413365E-04
    60    88    2.4181033853E-04
    60    89    7.2406968760E-04
    60    90    2.3809947220E-04
    60    91    6.3043563175E-04
    60    92    2.2208124712E-04
    60    93    5.4767738681E-04
    60    94    2.1220247633E-04
    60    95    4.7671043768E-04
    60    96    2.0456766930E-04
    60    97    4.1242884269E-04
    60    98    8.4384056409E-05
    61    83    2.6261420474E-05
    61    84    1.3295058919E-03
    61    85    4.4761516665E-03
    61    86    1.2350839124E-03
    61    87    3.9034277563E-03
    61    88    1.1518495355E-03
    61    89    3.3985563112E-03
    61    90    1.0985149159E-03
    61    91    2.9498298227E-03
    61    92    1.0149823289E-03
    61    93    2.5717444673E-03
    61    94    9.4924999655E-04
    61    95    2.2043187704E-03
    61    96    8.9586577283E-04
    61    97    1.8948984959E-03
    61    98    8.4802562438E-04
    61    99    1.5787243890E-03
    62    85    4.3741706938E-06
    62    86    2.0725566238E-04
    62    87    7.4227081040E-04
    62    88    1.9618140843E-04
    62    89    6.5647445816E-04
    62    90    1.8927374780E-04
    62    91    5.7563675507E-04
    62    92    1.8040764855E-04
    62    93    5.0671473881E-04
    62    94    1.6873775905E-04
    62    95    4.4653451902E-04
    62    96    1.6121424368E-04
    62    97    3.9012978215E-04
    62    98    1.5456128769E-04
    62    99    3.3940303393E-04
    62   100    6.9813803691E-05
    63    87    2.0187374253E-05
    63    88    9.4094416737E-04
    63    89    3.0681701877E-03
    63    90    8.8546739089E-04
    63    91    2.6630087332E-03
    63    92    8.2511733409E-04
    63    93    2.3162899857E-03
    63    94    7.7120346355E-04
    63    95    2.0096104185E-03
    63    96    7.0910439958E-04
    63    97    1.7523256474E-03
    63    98    6.6595052896E-04
    63    99    1.5126971870E-03
    63   100    6.2739460548E-04
    63   101    1.2714349243E-03
    64    88    4.2007112058E-05
    64    89    5.9807638018E-04
    64    90    1.5307692230E-04
    64    91    5.2952045995E-04
    64    92    1.4674190830E-04
    64    93    4.6549747019E-04
    64    94    1.3896503600E-04
    64    95    4.0996452053E-04
    64    96    1.3195104812E-04
    64    97    3.6001510563E-04
    64    98    1.2310681067E-04
    64    99    3.1766952376E-04
    64   100    1.1737836692E-04
    64   101    2.7740350906E-04
    64   102    5.7821374847E-05
    65    90    1.6605665593E-04
    65    91    2.4071735037E-03
    65    92    6.7370530836E-04
    65    93    2.0949953073E-03
    65    94    6.2480692153E-04
    65    95    1.8275690320E-03
    65    96    5.8025896035E-04
    65    97    1.5901862348E-03
    65    98    5.4129828664E-04
    65    99    1.3792198162E-03
    65   100    4.9792609081E-04
    65   101    1.2030124990E-03
    65   102    2.7059398555E-04
    66    92    3.1685928750E-05
    66    93    4.2454372475E-04
    66    94    1.1415296411E-04
    66    95    3.7542113433E-04
    66    96    1.0749441264E-04
    66    97    3.3128983287E-04
    66    98    1.0148876976E-04
    66    99    2.9161839021E-04
    66   100    9.4326722660E-05
    66   101    2.5758376620E-04
    66   102    8.9595283390E-05
    66   103    2.2216589487E-04
    67    95    1.1694490378E-05
    67    96    4.7498296734E-04
    67    97    1.4383712132E-03
    67    98    4.3971469913E-04
    67    99    1.2545452635E-03
    67   100    4.0826487812E-04
    67   101    1.0919026682E-03
    67   102    3.7373358659E-04
    67   103    9.5448048120E-04
    67   104    2.1643250245E-04
    68    97    2.0543572589E-06
    68    98    8.3648210423E-05
    68    99    2.6676693950E-04
    68   100    7.8559802798E-05
    68   101    2.3527050966E-04
    68   102    7.3978428967E-05
    68   103    2.0700907075E-04
    68   104    4.3640199289E-05
