H Contains extraCted data from figures, fig2,fig3
H fig2 C agb 0.02
2.71312e+07	0.00202053
2.97656e+07	0.00453024
3.84054e+07	0.0171426
5.19031e+07	0.0322789
5.43647e+07	0.0322647
6.39364e+07	0.0423674
6.69686e+07	0.0448912
9.26263e+07	0.0727108
9.70191e+07	0.0726966
1.16775e+08	0.0929444
1.4722e+08	0.128407
1.5067e+08	0.128399
1.69175e+08	0.146131
1.77198e+08	0.151192
2.28632e+08	0.186647
2.39475e+08	0.189171
2.62728e+08	0.199295
2.81638e+08	0.209426
3.80621e+08	0.237253
4.08017e+08	0.244846
4.27367e+08	0.24737
4.68865e+08	0.257494
6.637e+08	0.282768
7.28146e+08	0.290354
8.56347e+08	0.297918
1.24061e+09	0.313033
1.29945e+09	0.313019
1.36108e+09	0.315543
1.49324e+09	0.315515
1.56405e+09	0.318039
1.63823e+09	0.318025
2.42897e+09	0.32298
2.4859e+09	0.320435
2.6038e+09	0.322959
3.28264e+09	0.322888
4.86711e+09	0.325306
5.59295e+09	0.325263
5.72404e+09	0.327794
5.9955e+09	0.325242
6.27985e+09	0.327766
7.0511e+09	0.32773
1.02151e+10	0.330155
1.38052e+10	0.330063
H fig2 C massive 0.02
2.41635e+07	0.999518
2.84179e+07	0.994392
3.58268e+07	0.986707
3.75259e+07	0.984155
4.21346e+07	0.979043
4.95531e+07	0.971379
5.6943e+07	0.963723
6.39364e+07	0.956073
7.01447e+07	0.94843
7.69558e+07	0.943326
8.64071e+07	0.933138
9.0505e+07	0.930586
9.92931e+07	0.920405
1.04002e+08	0.917853
1.14101e+08	0.907672
1.2518e+08	0.894954
1.65301e+08	0.856797
1.98961e+08	0.83136
2.56712e+08	0.800825
3.08986e+08	0.777926
3.2364e+08	0.775374
3.63387e+08	0.762648
3.80621e+08	0.760096
4.27367e+08	0.74737
4.47635e+08	0.744818
4.91101e+08	0.734637
5.14392e+08	0.732085
5.38787e+08	0.726994
5.6434e+08	0.724442
6.19137e+08	0.716799
6.485e+08	0.714247
8.9696e+08	0.696381
1.00712e+09	0.69127
1.10491e+09	0.688703
1.15731e+09	0.686151
1.26969e+09	0.683585
1.3299e+09	0.681033
1.42563e+09	0.681011
1.49324e+09	0.678459
1.67663e+09	0.678424
1.75614e+09	0.675871
2.01804e+09	0.675829
2.11375e+09	0.673277
2.72729e+09	0.673199
2.85663e+09	0.670646
3.77219e+09	0.670561
3.95109e+09	0.668009
4.98119e+09	0.667938
5.21742e+09	0.665386
7.0511e+09	0.665294
7.21637e+09	0.662748
7.55861e+09	0.665272
7.91708e+09	0.66272
1.20136e+10	0.662593
1.25834e+10	0.66004
1.34891e+10	0.660019
H fig2 N agb 0.02
2.7135e+07	0.00614249
3.11965e+07	0.0266365
3.19296e+07	0.0292018
4.02899e+07	0.0676101
4.85172e+07	0.0881326
5.08182e+07	0.0881611
6.87274e+07	0.118959
7.19954e+07	0.12409
7.54144e+07	0.126669
8.46915e+07	0.134394
8.66817e+07	0.136959
1.22768e+08	0.160132
1.34705e+08	0.165291
1.47811e+08	0.173002
1.5483e+08	0.175581
2.24414e+08	0.196218
2.89657e+08	0.211681
4.19809e+08	0.229766
4.39719e+08	0.229795
4.82473e+08	0.234954
5.54525e+08	0.242692
8.03643e+08	0.258227
8.61486e+08	0.25827
9.02397e+08	0.260849
9.9008e+08	0.263457
1.0371e+09	0.266037
1.06141e+09	0.266051
1.5742e+09	0.279049
1.72716e+09	0.281657
1.80929e+09	0.286787
1.93951e+09	0.28683
2.03162e+09	0.28941
3.01279e+09	0.297305
3.22964e+09	0.297348
3.38301e+09	0.299927
3.7985e+09	0.299999
3.88776e+09	0.302564
5.25446e+09	0.3053
5.63265e+09	0.305343
5.76502e+09	0.307908
5.89979e+09	0.305371
6.17996e+09	0.307951
6.93896e+09	0.308022
1.02895e+10	0.313367
1.32762e+10	0.313523
H fig2 N massive 0.02
2.25403e+07	0.998375
2.65042e+07	0.990822
3.11541e+07	0.967962
3.66199e+07	0.945102
4.20637e+07	0.927331
5.06024e+07	0.904485
5.81317e+07	0.891815
6.67853e+07	0.881697
7.32573e+07	0.8741
7.67271e+07	0.871578
8.61352e+07	0.863996
9.66969e+07	0.856414
1.08554e+08	0.848832
1.21864e+08	0.84125
1.36807e+08	0.833668
1.53582e+08	0.826086
1.72414e+08	0.818504
2.07474e+08	0.808414
2.17301e+08	0.805892
2.73874e+08	0.793279
3.3729e+08	0.783203
4.15391e+08	0.773127
4.66352e+08	0.768096
5.48365e+08	0.760543
6.1564e+08	0.755512
6.7538e+08	0.753018
7.07369e+08	0.750495
7.94152e+08	0.745464
8.71215e+08	0.74297
9.12479e+08	0.740448
9.55755e+08	0.740476
1.00102e+09	0.737954
1.09816e+09	0.73546
1.15017e+09	0.732937
1.26178e+09	0.730443
1.38422e+09	0.727949
1.44979e+09	0.725426
1.51855e+09	0.725455
1.59047e+09	0.722932
1.6659e+09	0.722961
1.82734e+09	0.715365
2.00478e+09	0.715422
2.09973e+09	0.712899
2.25086e+09	0.712942
2.35748e+09	0.710419
2.52716e+09	0.710462
2.64686e+09	0.70794
2.90387e+09	0.707997
3.04141e+09	0.705474
3.33674e+09	0.705531
3.49478e+09	0.703009
3.924e+09	0.70308
4.10986e+09	0.700557
4.72278e+09	0.700643
4.94647e+09	0.69812
5.68416e+09	0.698206
5.95338e+09	0.695683
7.50553e+09	0.695826
7.86103e+09	0.693303
9.68356e+09	0.693431
1.01422e+10	0.690909
1.33929e+10	0.69108
1.3706e+10	0.688543
H fig2 O agb 0.02
2.82327e+07	-0.00223529
3.21309e+07	0.000633624
4.16165e+07	0.00637144
5.67611e+07	0.0121269
7.54313e+07	0.0150486
1.05574e+08	0.0208128
1.1707e+08	0.020848
1.23297e+08	0.0236905
1.40301e+08	0.0237345
2.12224e+08	0.03235
2.41492e+08	0.032394
2.54337e+08	0.0352366
2.8203e+08	0.0352718
4.26547e+08	0.0410624
4.49235e+08	0.0439049
4.9815e+08	0.0439401
5.24646e+08	0.0467826
5.52471e+08	0.0468002
8.35568e+08	0.0525908
8.79883e+08	0.0526084
9.26683e+08	0.0554509
1.05448e+09	0.0554949
1.11057e+09	0.0583374
1.6368e+09	0.0641193
1.72361e+09	0.0641369
1.81529e+09	0.0669794
2.06563e+09	0.0670234
2.17551e+09	0.0698659
3.20588e+09	0.0728228
3.3759e+09	0.0728404
3.55547e+09	0.0756829
4.26037e+09	0.0757445
4.97554e+09	0.0786222
6.27819e+09	0.0787014
6.61213e+09	0.0815439
6.7852e+09	0.0815527
9.99884e+09	0.0845096
1.32858e+10	0.0846064
H fig2 O massive 0.02
3.05037e+07	0.994966
3.47105e+07	0.99501
4.26684e+07	0.989431
5.24661e+07	0.989501
7.52993e+07	0.98115
1.08101e+08	0.978448
1.13834e+08	0.978466
1.19854e+08	0.975658
1.36383e+08	0.975702
1.43595e+08	0.972895
1.63398e+08	0.972939
1.72039e+08	0.970132
1.95765e+08	0.970176
2.06118e+08	0.967368
2.34543e+08	0.967412
2.46946e+08	0.964605
2.81003e+08	0.964649
2.95863e+08	0.961842
3.36665e+08	0.961886
3.54469e+08	0.959078
4.03353e+08	0.959122
4.24683e+08	0.956315
4.83251e+08	0.956359
5.08807e+08	0.953552
5.78976e+08	0.953596
6.09594e+08	0.950789
6.75969e+08	0.950824
7.11716e+08	0.948016
8.09868e+08	0.94806
8.52696e+08	0.945253
9.70291e+08	0.945297
1.0216e+09	0.94249
1.16249e+09	0.942534
1.22397e+09	0.939726
1.39276e+09	0.93977
1.46641e+09	0.936963
1.62608e+09	0.936998
1.71208e+09	0.934191
1.80288e+09	0.934209
1.89822e+09	0.931401
2.1049e+09	0.931437
2.21621e+09	0.928629
2.58786e+09	0.928682
2.72471e+09	0.925875
3.18163e+09	0.925928
3.34989e+09	0.92312
3.91165e+09	0.923173
4.1185e+09	0.920366
5.06421e+09	0.920436
5.33202e+09	0.917629
6.38914e+09	0.91769
6.72701e+09	0.914883
8.93839e+09	0.91498
9.41107e+09	0.912173
1.35127e+10	0.912296
1.38643e+10	0.90948
H fig2 Si agb 0.02
2.89801e+07	0.00342333
4.2712e+07	0.00920515
6.29599e+07	0.0178119
1.05574e+08	0.0208128
1.1707e+08	0.020848
1.23297e+08	0.0236905
1.40301e+08	0.0237345
2.12224e+08	0.03235
2.41492e+08	0.032394
2.54337e+08	0.0352366
2.8203e+08	0.0352718
4.26547e+08	0.0410624
4.49235e+08	0.0439049
4.9815e+08	0.0439401
5.24646e+08	0.0467826
5.52471e+08	0.0468002
8.35568e+08	0.0525908
8.79883e+08	0.0526084
9.26683e+08	0.0554509
1.05448e+09	0.0554949
1.11057e+09	0.0583374
1.6368e+09	0.0641193
1.72361e+09	0.0641369
1.81529e+09	0.0669794
2.06563e+09	0.0670234
2.17551e+09	0.0698659
3.20588e+09	0.0728228
3.3759e+09	0.0728404
3.55547e+09	0.0756829
4.26037e+09	0.0757445
4.97554e+09	0.0786222
6.27819e+09	0.0787014
6.61213e+09	0.0815439
6.7852e+09	0.0815527
9.99884e+09	0.0845096
1.32858e+10	0.0846064
H fig2 Si massive 0.02
2.91345e+07	1
3.40366e+07	0.994334
4.41073e+07	0.991501
6.17795e+07	0.985836
1.03746e+08	0.98017
1.09266e+08	0.977337
1.24385e+08	0.977337
1.31003e+08	0.974504
1.49129e+08	0.974504
1.57064e+08	0.971671
1.83491e+08	0.971671
1.93254e+08	0.968839
2.19994e+08	0.968839
2.31698e+08	0.966006
2.63758e+08	0.966006
2.77791e+08	0.963173
3.16228e+08	0.963173
3.33053e+08	0.96034
3.89091e+08	0.96034
4.09793e+08	0.957507
4.54559e+08	0.957507
4.78744e+08	0.954674
5.31042e+08	0.954674
5.59296e+08	0.951841
6.20394e+08	0.951841
6.53402e+08	0.949008
7.2478e+08	0.949008
7.63342e+08	0.946176
8.25065e+08	0.946176
8.68963e+08	0.943343
9.63889e+08	0.943343
1.01517e+09	0.94051
1.09726e+09	0.94051
1.15564e+09	0.937677
1.24908e+09	0.937677
1.31554e+09	0.934844
1.38553e+09	0.934844
1.45925e+09	0.932011
1.53689e+09	0.932011
1.61866e+09	0.929178
1.70478e+09	0.929178
1.89101e+09	0.923513
2.04392e+09	0.923513
2.15266e+09	0.92068
2.2672e+09	0.92068
2.38782e+09	0.917847
2.51487e+09	0.917847
2.64867e+09	0.915014
2.78959e+09	0.915014
2.93801e+09	0.912181
3.09433e+09	0.912181
3.25896e+09	0.909348
3.43236e+09	0.909348
3.61497e+09	0.906516
3.80731e+09	0.906516
4.00988e+09	0.903683
4.33411e+09	0.903683
4.56471e+09	0.90085
4.93381e+09	0.90085
5.19631e+09	0.898017
5.76396e+09	0.898017
6.07063e+09	0.895184
6.73379e+09	0.895184
7.09206e+09	0.892351
8.50291e+09	0.892351
8.95531e+09	0.889518
1.13081e+10	0.889518
1.19097e+10	0.886686
1.35576e+10	0.886686
H fig2 Si sn1a 0.02
9.15196e+08	3.64292e-17
1.06942e+09	0.00847458
1.75018e+09	0.0141243
1.84344e+09	0.0169492
2.09851e+09	0.0169492
2.21032e+09	0.019774
2.32792e+09	0.019774
3.17767e+09	0.0254237
3.52506e+09	0.0282486
3.71261e+09	0.0282486
3.91043e+09	0.0310734
4.11848e+09	0.0310734
6.07597e+09	0.0338983
1.0747e+10	0.0367232
H fig2 tot agb 0.02
2.73619e+07	0.0119799
3.19138e+07	0.0376737
3.91763e+07	0.0776302
4.45382e+07	0.0976173
4.56969e+07	0.100475
5.75639e+07	0.137591
6.71401e+07	0.163285
8.90534e+07	0.19757
1.09367e+08	0.220433
1.41374e+08	0.254709
1.48837e+08	0.257576
1.64929e+08	0.271856
1.73635e+08	0.274723
2.36332e+08	0.306168
2.48808e+08	0.309034
2.82903e+08	0.323324
2.97837e+08	0.32619
4.05442e+08	0.351937
4.26844e+08	0.354804
4.49343e+08	0.36052
4.73063e+08	0.363386
4.97999e+08	0.369102
5.10993e+08	0.369111
7.13706e+08	0.397716
7.51437e+08	0.397733
7.91046e+08	0.403449
8.32804e+08	0.406316
9.23048e+08	0.412049
1.28942e+09	0.434956
1.62522e+09	0.44928
1.6675e+09	0.452138
2.27012e+09	0.475036
2.5163e+09	0.47792
2.78897e+09	0.483654
2.9362e+09	0.48652
4.91236e+09	0.50664
5.17205e+09	0.506658
5.44508e+09	0.509525
5.73293e+09	0.509542
6.03556e+09	0.512409
6.35464e+09	0.512427
6.51997e+09	0.515284
9.34888e+09	0.523955
1.00999e+10	0.523982
1.06331e+10	0.526849
1.14873e+10	0.526875
1.20937e+10	0.529742
H fig2 tot massive 0.02
2.40643e+07	0.997691
2.66818e+07	0.989179
2.7378e+07	0.989188
3.11616e+07	0.963591
3.54656e+07	0.940844
4.25072e+07	0.909567
4.96405e+07	0.886828
6.10535e+07	0.852711
7.7044e+07	0.821452
1.0237e+08	0.787362
1.22659e+08	0.767481
1.36021e+08	0.753271
1.85449e+08	0.71919
1.95267e+08	0.716359
2.22188e+08	0.702158
2.33951e+08	0.699327
2.59417e+08	0.687966
2.73151e+08	0.685135
2.9516e+08	0.676614
3.10787e+08	0.673783
3.27265e+08	0.668103
3.44591e+08	0.665272
3.9207e+08	0.65392
4.12827e+08	0.651089
4.34715e+08	0.645408
4.5773e+08	0.642577
4.81999e+08	0.636897
5.07517e+08	0.634066
5.77445e+08	0.622714
6.08016e+08	0.619883
6.7415e+08	0.611371
7.47422e+08	0.605709
8.50342e+08	0.597206
9.42833e+08	0.588694
1.10065e+09	0.5802
1.25221e+09	0.571698
1.50006e+09	0.560364
1.70675e+09	0.549012
1.84427e+09	0.540492
2.3261e+09	0.529175
2.64621e+09	0.523522
3.01038e+09	0.517868
3.42465e+09	0.512214
3.79659e+09	0.509401
4.20924e+09	0.503738
4.66605e+09	0.503774
6.3579e+09	0.492484
9.35918e+09	0.481221
1.21106e+10	0.475611
H fig2 Fe agb 0.02
2.6268e+07	0.00397734
3.23349e+07	0.0211651
4.89781e+07	0.041336
5.57675e+07	0.0499476
6.18688e+07	0.0557006
9.13223e+07	0.0786946
9.61812e+07	0.0787301
1.15349e+08	0.0902182
1.7025e+08	0.110371
1.93836e+08	0.116142
2.2069e+08	0.121913
3.25704e+08	0.139225
3.61312e+08	0.142137
3.80564e+08	0.145013
4.22169e+08	0.147925
6.23011e+08	0.162396
6.56207e+08	0.165273
6.91121e+08	0.165308
7.27946e+08	0.168185
7.66677e+08	0.16822
8.07528e+08	0.171097
1.22281e+09	0.179904
1.28787e+09	0.179939
1.3565e+09	0.182816
1.58474e+09	0.182922
2.39972e+09	0.191729
2.73177e+09	0.191818
2.8769e+09	0.189013
3.10953e+09	0.189066
4.83123e+09	0.189368
6.76696e+09	0.189599
1.02455e+10	0.192724
1.19694e+10	0.19283
1.26072e+10	0.195707
1.32779e+10	0.195742
H fig2 Fe massive 0.02
3.13016e+07	0.989265
3.13016e+07	0.989265
3.13016e+07	0.989265
3.13016e+07	0.989265
3.13016e+07	0.989265
3.13016e+07	0.989265
3.13016e+07	0.989265
3.13016e+07	0.989265
3.13016e+07	0.989265
3.13016e+07	0.989265
3.13016e+07	0.989265
3.13016e+07	0.989265
3.13016e+07	0.989265
3.13016e+07	0.989265
3.13016e+07	0.989265
3.94821e+07	0.97514
3.94821e+07	0.97514
3.94821e+07	0.97514
3.94821e+07	0.97514
3.94821e+07	0.97514
3.94821e+07	0.97514
3.94821e+07	0.97514
3.94821e+07	0.97514
3.94821e+07	0.97514
3.94821e+07	0.97514
3.94821e+07	0.97514
3.94821e+07	0.97514
3.94821e+07	0.97514
3.94821e+07	0.97514
3.94821e+07	0.97514
4.85303e+07	0.961006
4.85303e+07	0.961006
4.85303e+07	0.961006
4.85303e+07	0.961006
4.85303e+07	0.961006
4.85303e+07	0.961006
4.85303e+07	0.961006
4.85303e+07	0.961006
4.85303e+07	0.961006
4.85303e+07	0.961006
4.85303e+07	0.961006
4.85303e+07	0.961006
4.85303e+07	0.961006
4.85303e+07	0.961006
4.85303e+07	0.961006
6.12179e+07	0.949722
6.12179e+07	0.949722
6.12179e+07	0.949722
6.12179e+07	0.949722
6.12179e+07	0.949722
6.12179e+07	0.949722
6.12179e+07	0.949722
6.12179e+07	0.949722
6.12179e+07	0.949722
6.12179e+07	0.949722
6.12179e+07	0.949722
6.12179e+07	0.949722
6.12179e+07	0.949722
6.12179e+07	0.949722
6.12179e+07	0.949722
7.72169e+07	0.935597
7.72169e+07	0.935597
7.72169e+07	0.935597
7.72169e+07	0.935597
7.72169e+07	0.935597
7.72169e+07	0.935597
7.72169e+07	0.935597
7.72169e+07	0.935597
7.72169e+07	0.935597
7.72169e+07	0.935597
7.72169e+07	0.935597
7.72169e+07	0.935597
7.72169e+07	0.935597
7.72169e+07	0.935597
7.72169e+07	0.935597
9.73972e+07	0.921472
9.73972e+07	0.921472
9.73972e+07	0.921472
9.73972e+07	0.921472
9.73972e+07	0.921472
9.73972e+07	0.921472
9.73972e+07	0.921472
9.73972e+07	0.921472
9.73972e+07	0.921472
9.73972e+07	0.921472
9.73972e+07	0.921472
9.73972e+07	0.921472
9.73972e+07	0.921472
9.73972e+07	0.921472
9.73972e+07	0.921472
1.2286e+08	0.910188
1.2286e+08	0.910188
1.2286e+08	0.910188
1.2286e+08	0.910188
1.2286e+08	0.910188
1.2286e+08	0.910188
1.2286e+08	0.910188
1.2286e+08	0.910188
1.2286e+08	0.910188
1.2286e+08	0.910188
1.2286e+08	0.910188
1.2286e+08	0.910188
1.2286e+08	0.910188
1.2286e+08	0.910188
1.2286e+08	0.910188
1.54969e+08	0.896063
1.54969e+08	0.896063
1.54969e+08	0.896063
1.54969e+08	0.896063
1.54969e+08	0.896063
1.54969e+08	0.896063
1.54969e+08	0.896063
1.54969e+08	0.896063
1.54969e+08	0.896063
1.54969e+08	0.896063
1.54969e+08	0.896063
1.54969e+08	0.896063
1.54969e+08	0.896063
1.54969e+08	0.896063
1.54969e+08	0.896063
1.90484e+08	0.881929
1.90484e+08	0.881929
1.90484e+08	0.881929
1.90484e+08	0.881929
1.90484e+08	0.881929
1.90484e+08	0.881929
1.90484e+08	0.881929
1.90484e+08	0.881929
1.90484e+08	0.881929
1.90484e+08	0.881929
1.90484e+08	0.881929
1.90484e+08	0.881929
1.90484e+08	0.881929
1.90484e+08	0.881929
1.90484e+08	0.881929
2.40266e+08	0.867804
2.40266e+08	0.867804
2.40266e+08	0.867804
2.40266e+08	0.867804
2.40266e+08	0.867804
2.40266e+08	0.867804
2.40266e+08	0.867804
2.40266e+08	0.867804
2.40266e+08	0.867804
2.40266e+08	0.867804
2.40266e+08	0.867804
2.40266e+08	0.867804
2.40266e+08	0.867804
2.40266e+08	0.867804
2.40266e+08	0.867804
3.03058e+08	0.853679
3.03058e+08	0.853679
3.03058e+08	0.853679
3.03058e+08	0.853679
3.03058e+08	0.853679
3.03058e+08	0.853679
3.03058e+08	0.853679
3.03058e+08	0.853679
3.03058e+08	0.853679
3.03058e+08	0.853679
3.03058e+08	0.853679
3.03058e+08	0.853679
3.03058e+08	0.853679
3.03058e+08	0.853679
3.03058e+08	0.853679
3.7251e+08	0.839545
3.7251e+08	0.839545
3.7251e+08	0.839545
3.7251e+08	0.839545
3.7251e+08	0.839545
3.7251e+08	0.839545
3.7251e+08	0.839545
3.7251e+08	0.839545
3.7251e+08	0.839545
3.7251e+08	0.839545
3.7251e+08	0.839545
3.7251e+08	0.839545
3.7251e+08	0.839545
3.7251e+08	0.839545
3.7251e+08	0.839545
4.57845e+08	0.82257
4.57845e+08	0.82257
4.57845e+08	0.82257
4.57845e+08	0.82257
4.57845e+08	0.82257
4.57845e+08	0.82257
4.57845e+08	0.82257
4.57845e+08	0.82257
4.57845e+08	0.82257
4.57845e+08	0.82257
4.57845e+08	0.82257
4.57845e+08	0.82257
4.57845e+08	0.82257
4.57845e+08	0.82257
4.57845e+08	0.82257
5.77459e+08	0.805604
5.77459e+08	0.805604
5.77459e+08	0.805604
5.77459e+08	0.805604
5.77459e+08	0.805604
5.77459e+08	0.805604
5.77459e+08	0.805604
5.77459e+08	0.805604
5.77459e+08	0.805604
5.77459e+08	0.805604
5.77459e+08	0.805604
5.77459e+08	0.805604
5.77459e+08	0.805604
5.77459e+08	0.805604
5.77459e+08	0.805604
5.92574e+08	0.805613
6.9169e+08	0.791461
6.9169e+08	0.791461
6.9169e+08	0.791461
6.9169e+08	0.791461
6.9169e+08	0.791461
6.9169e+08	0.791461
6.9169e+08	0.791461
6.9169e+08	0.791461
6.9169e+08	0.791461
6.9169e+08	0.791461
6.9169e+08	0.791461
6.9169e+08	0.791461
6.9169e+08	0.791461
6.9169e+08	0.791461
6.9169e+08	0.791461
8.50081e+08	0.771646
8.50081e+08	0.771646
8.50081e+08	0.771646
8.50081e+08	0.771646
8.50081e+08	0.771646
8.50081e+08	0.771646
8.50081e+08	0.771646
8.50081e+08	0.771646
8.50081e+08	0.771646
8.50081e+08	0.771646
8.50081e+08	0.771646
8.50081e+08	0.771646
8.50081e+08	0.771646
8.50081e+08	0.771646
8.50081e+08	0.771646
1.01809e+09	0.751821
1.01809e+09	0.751821
1.01809e+09	0.751821
1.01809e+09	0.751821
1.01809e+09	0.751821
1.01809e+09	0.751821
1.01809e+09	0.751821
1.01809e+09	0.751821
1.01809e+09	0.751821
1.01809e+09	0.751821
1.01809e+09	0.751821
1.01809e+09	0.751821
1.01809e+09	0.751821
1.01809e+09	0.751821
1.01809e+09	0.751821
1.21931e+09	0.731996
1.21931e+09	0.731996
1.21931e+09	0.731996
1.21931e+09	0.731996
1.21931e+09	0.731996
1.21931e+09	0.731996
1.21931e+09	0.731996
1.21931e+09	0.731996
1.21931e+09	0.731996
1.21931e+09	0.731996
1.21931e+09	0.731996
1.21931e+09	0.731996
1.21931e+09	0.731996
1.21931e+09	0.731996
1.21931e+09	0.731996
1.4603e+09	0.712172
1.4603e+09	0.712172
1.4603e+09	0.712172
1.4603e+09	0.712172
1.4603e+09	0.712172
1.4603e+09	0.712172
1.4603e+09	0.712172
1.4603e+09	0.712172
1.4603e+09	0.712172
1.4603e+09	0.712172
1.4603e+09	0.712172
1.4603e+09	0.712172
1.4603e+09	0.712172
1.4603e+09	0.712172
1.4603e+09	0.712172
1.70418e+09	0.689497
1.70418e+09	0.689497
1.70418e+09	0.689497
1.70418e+09	0.689497
1.70418e+09	0.689497
1.70418e+09	0.689497
1.70418e+09	0.689497
1.70418e+09	0.689497
1.70418e+09	0.689497
1.70418e+09	0.689497
1.70418e+09	0.689497
1.70418e+09	0.689497
1.70418e+09	0.689497
1.70418e+09	0.689497
1.70418e+09	0.689497
2.04085e+09	0.666832
2.04085e+09	0.666832
2.04085e+09	0.666832
2.04085e+09	0.666832
2.04085e+09	0.666832
2.04085e+09	0.666832
2.04085e+09	0.666832
2.04085e+09	0.666832
2.04085e+09	0.666832
2.04085e+09	0.666832
2.04085e+09	0.666832
2.04085e+09	0.666832
2.04085e+09	0.666832
2.04085e+09	0.666832
2.04085e+09	0.666832
2.38186e+09	0.646998
2.38186e+09	0.646998
2.38186e+09	0.646998
2.38186e+09	0.646998
2.38186e+09	0.646998
2.38186e+09	0.646998
2.38186e+09	0.646998
2.38186e+09	0.646998
2.38186e+09	0.646998
2.38186e+09	0.646998
2.38186e+09	0.646998
2.38186e+09	0.646998
2.38186e+09	0.646998
2.38186e+09	0.646998
2.38186e+09	0.646998
2.85241e+09	0.624333
2.85241e+09	0.624333
2.85241e+09	0.624333
2.85241e+09	0.624333
2.85241e+09	0.624333
2.85241e+09	0.624333
2.85241e+09	0.624333
2.85241e+09	0.624333
2.85241e+09	0.624333
2.85241e+09	0.624333
2.85241e+09	0.624333
2.85241e+09	0.624333
2.85241e+09	0.624333
2.85241e+09	0.624333
2.85241e+09	0.624333
3.41616e+09	0.604508
3.41616e+09	0.604508
3.41616e+09	0.604508
3.41616e+09	0.604508
3.41616e+09	0.604508
3.41616e+09	0.604508
3.41616e+09	0.604508
3.41616e+09	0.604508
3.41616e+09	0.604508
3.41616e+09	0.604508
3.41616e+09	0.604508
3.41616e+09	0.604508
3.41616e+09	0.604508
3.41616e+09	0.604508
3.41616e+09	0.604508
4.09134e+09	0.584684
4.09134e+09	0.584684
4.09134e+09	0.584684
4.09134e+09	0.584684
4.09134e+09	0.584684
4.09134e+09	0.584684
4.09134e+09	0.584684
4.09134e+09	0.584684
4.09134e+09	0.584684
4.09134e+09	0.584684
4.09134e+09	0.584684
4.09134e+09	0.584684
4.09134e+09	0.584684
4.09134e+09	0.584684
4.09134e+09	0.584684
4.90033e+09	0.5677
4.90033e+09	0.5677
4.90033e+09	0.5677
4.90033e+09	0.5677
4.90033e+09	0.5677
4.90033e+09	0.5677
4.90033e+09	0.5677
4.90033e+09	0.5677
4.90033e+09	0.5677
4.90033e+09	0.5677
4.90033e+09	0.5677
4.90033e+09	0.5677
4.90033e+09	0.5677
4.90033e+09	0.5677
4.90033e+09	0.5677
6.181e+09	0.553575
6.181e+09	0.553575
6.181e+09	0.553575
6.181e+09	0.553575
6.181e+09	0.553575
6.181e+09	0.553575
6.181e+09	0.553575
6.181e+09	0.553575
6.181e+09	0.553575
6.181e+09	0.553575
6.181e+09	0.553575
6.181e+09	0.553575
6.181e+09	0.553575
6.181e+09	0.553575
6.181e+09	0.553575
7.79695e+09	0.542291
7.79695e+09	0.542291
7.79695e+09	0.542291
7.79695e+09	0.542291
7.79695e+09	0.542291
7.79695e+09	0.542291
7.79695e+09	0.542291
7.79695e+09	0.542291
7.79695e+09	0.542291
7.79695e+09	0.542291
7.79695e+09	0.542291
7.79695e+09	0.542291
7.79695e+09	0.542291
7.79695e+09	0.542291
7.79695e+09	0.542291
1.00943e+10	0.536698
1.00943e+10	0.536698
1.00943e+10	0.536698
1.00943e+10	0.536698
1.00943e+10	0.536698
1.00943e+10	0.536698
1.00943e+10	0.536698
1.00943e+10	0.536698
1.00943e+10	0.536698
1.00943e+10	0.536698
1.00943e+10	0.536698
1.00943e+10	0.536698
1.00943e+10	0.536698
1.00943e+10	0.536698
1.00943e+10	0.536698
1.30685e+10	0.531104
1.30685e+10	0.531104
1.30685e+10	0.531104
1.30685e+10	0.531104
1.30685e+10	0.531104
1.30685e+10	0.531104
1.30685e+10	0.531104
1.30685e+10	0.531104
1.30685e+10	0.531104
1.30685e+10	0.531104
1.30685e+10	0.531104
1.30685e+10	0.531104
1.30685e+10	0.531104
1.30685e+10	0.531104
1.30685e+10	0.531104
H fig2 Fe sn1a 0.02
1.4756e+08	0.00450963
1.91066e+08	0.00725424
2.74336e+08	0.0127964
3.46158e+08	0.0183827
4.84343e+08	0.0324323
6.11146e+08	0.0436843
8.333e+08	0.0634084
1.02464e+09	0.0775021
2.05849e+09	0.153751
2.4666e+09	0.173519
3.27743e+09	0.207417
4.82897e+09	0.246944
6.09322e+09	0.261029
8.30813e+09	0.272255
1.07576e+10	0.277832
H fig3 [N/Fe] all 0.02
6.76496e+06	0.308725
6.94516e+06	0.308725
7.13016e+06	0.305369
7.32009e+06	0.305369
7.51508e+06	0.302013
7.71526e+06	0.302013
7.92077e+06	0.298658
8.13176e+06	0.298658
8.34836e+06	0.295302
8.57074e+06	0.295302
8.79904e+06	0.291946
9.03342e+06	0.291946
9.27405e+06	0.288591
9.52108e+06	0.288591
9.7747e+06	0.285235
1.00351e+07	0.285235
1.03024e+07	0.281879
1.05768e+07	0.281879
1.08585e+07	0.278523
1.11478e+07	0.278523
1.14447e+07	0.275168
1.17496e+07	0.275168
1.20626e+07	0.271812
1.23839e+07	0.271812
1.27137e+07	0.268456
1.30524e+07	0.268456
1.34001e+07	0.265101
1.41235e+07	0.265101
1.44997e+07	0.268456
1.52824e+07	0.268456
1.56895e+07	0.271812
1.65365e+07	0.271812
1.6977e+07	0.275168
1.81302e+07	0.275168
1.86131e+07	0.278523
1.93618e+07	0.278523
1.98775e+07	0.281879
2.09506e+07	0.281879
2.15086e+07	0.285235
2.26698e+07	0.285235
2.32736e+07	0.288591
2.453e+07	0.288591
2.51834e+07	0.291946
2.65429e+07	0.291946
2.725e+07	0.295302
2.9101e+07	0.295302
2.98762e+07	0.298658
3.1489e+07	0.298658
3.23278e+07	0.302013
3.45238e+07	0.302013
3.54434e+07	0.305369
3.78511e+07	0.305369
3.88593e+07	0.308725
4.20481e+07	0.308725
4.31681e+07	0.312081
4.67105e+07	0.312081
4.79547e+07	0.315436
5.39768e+07	0.315436
5.54146e+07	0.318792
6.66106e+07	0.318792
6.83849e+07	0.322148
7.79912e+07	0.322148
8.89468e+07	0.322148
1.06918e+08	0.322148
1.09766e+08	0.325503
1.25185e+08	0.325503
1.4277e+08	0.325503
1.62825e+08	0.325503
1.85697e+08	0.325503
2.11783e+08	0.325503
2.41533e+08	0.325503
2.75461e+08	0.325503
3.14156e+08	0.325503
3.72697e+08	0.325503
3.82625e+08	0.322148
4.84759e+08	0.322148
4.97672e+08	0.318792
5.75091e+08	0.318792
5.9041e+08	0.315436
6.64553e+08	0.315436
6.82255e+08	0.312081
7.48008e+08	0.312081
7.67933e+08	0.308725
8.41943e+08	0.308725
8.6437e+08	0.305369
9.11032e+08	0.305369
9.353e+08	0.302013
9.98834e+08	0.302013
1.02544e+09	0.298658
1.0808e+09	0.298658
1.10959e+09	0.295302
1.16949e+09	0.295302
1.20064e+09	0.291946
1.24893e+09	0.291946
1.2822e+09	0.288591
1.33377e+09	0.288591
1.3693e+09	0.285235
1.40577e+09	0.285235
1.44322e+09	0.281879
1.50126e+09	0.281879
1.54125e+09	0.278523
1.58231e+09	0.278523
1.62445e+09	0.275168
1.66773e+09	0.275168
1.71215e+09	0.271812
1.75776e+09	0.271812
1.80458e+09	0.268456
1.85265e+09	0.268456
1.902e+09	0.265101
2.00467e+09	0.261745
2.11289e+09	0.258389
2.22695e+09	0.255034
2.28627e+09	0.251678
2.34717e+09	0.251678
2.4097e+09	0.248322
2.47388e+09	0.248322
2.53978e+09	0.244966
2.67689e+09	0.241611
2.8214e+09	0.238255
2.89655e+09	0.234899
2.97371e+09	0.234899
3.05292e+09	0.231544
3.21773e+09	0.228188
3.39143e+09	0.224832
3.57452e+09	0.221477
3.76748e+09	0.218121
3.97087e+09	0.214765
4.18523e+09	0.211409
4.41116e+09	0.208054
4.6493e+09	0.204698
4.77314e+09	0.204698
4.90028e+09	0.201342
5.09737e+09	0.201342
5.23315e+09	0.197987
5.44364e+09	0.197987
5.58864e+09	0.194631
5.89034e+09	0.194631
6.04724e+09	0.191275
6.45802e+09	0.191275
6.63004e+09	0.187919
7.26902e+09	0.187919
7.46265e+09	0.184564
8.51095e+09	0.184564
8.73765e+09	0.181208
1.07828e+10	0.181208
1.107e+10	0.177852
1.34826e+10	0.177852
H fig3 [C/Fe] all 0.02
6.76496e+06	0.590604
7.13016e+06	0.580537
7.51508e+06	0.573826
8.02557e+06	0.563758
8.45882e+06	0.553691
8.91546e+06	0.54698
9.52108e+06	0.536913
1.01678e+07	0.526846
1.08585e+07	0.516779
1.15961e+07	0.506711
1.22222e+07	0.496644
1.28819e+07	0.489933
1.35774e+07	0.483221
1.43103e+07	0.479866
1.46915e+07	0.479866
1.50829e+07	0.47651
1.54846e+07	0.47651
1.58971e+07	0.473154
1.65365e+07	0.473154
1.6977e+07	0.469799
1.74292e+07	0.469799
1.78934e+07	0.466443
1.86131e+07	0.466443
1.91089e+07	0.463087
1.98775e+07	0.463087
2.0407e+07	0.459732
2.26698e+07	0.459732
2.32736e+07	0.456376
2.76105e+07	0.456376
2.8346e+07	0.45302
3.45238e+07	0.45302
3.54434e+07	0.449664
4.04223e+07	0.449664
4.61005e+07	0.449664
5.25764e+07	0.449664
5.99619e+07	0.449664
6.83849e+07	0.449664
7.79912e+07	0.449664
9.01237e+07	0.449664
9.25243e+07	0.45302
1.00117e+08	0.45302
1.02784e+08	0.449664
1.05521e+08	0.449664
1.06918e+08	0.456376
1.17222e+08	0.456376
1.20344e+08	0.459732
1.31943e+08	0.459732
1.35457e+08	0.463087
1.4277e+08	0.463087
1.46573e+08	0.466443
1.54485e+08	0.466443
1.586e+08	0.469799
1.67162e+08	0.469799
1.71615e+08	0.473154
1.80879e+08	0.473154
1.85697e+08	0.47651
1.98312e+08	0.47651
2.03594e+08	0.479866
2.17424e+08	0.479866
2.23216e+08	0.483221
2.38379e+08	0.483221
2.44728e+08	0.486577
2.64811e+08	0.486577
2.71864e+08	0.489933
3.02009e+08	0.489933
3.10054e+08	0.493289
3.53608e+08	0.493289
3.63027e+08	0.496644
4.30675e+08	0.496644
4.42147e+08	0.5
5.04257e+08	0.5
5.75091e+08	0.5
7.286e+08	0.5
7.48008e+08	0.496644
8.53083e+08	0.496644
8.75807e+08	0.493289
9.60213e+08	0.493289
9.85791e+08	0.489933
1.05275e+09	0.489933
1.0808e+09	0.486577
1.13914e+09	0.486577
1.16949e+09	0.483221
1.21652e+09	0.483221
1.24893e+09	0.479866
1.29916e+09	0.479866
1.33377e+09	0.47651
1.38741e+09	0.47651
1.42437e+09	0.473154
1.46231e+09	0.473154
1.50126e+09	0.469799
1.58231e+09	0.466443
1.66773e+09	0.463087
1.71215e+09	0.459732
1.75776e+09	0.459732
1.80458e+09	0.456376
1.902e+09	0.45302
1.95266e+09	0.449664
2.05807e+09	0.446309
2.11289e+09	0.442953
2.22695e+09	0.439597
2.28627e+09	0.436242
2.34717e+09	0.436242
2.4097e+09	0.432886
2.53978e+09	0.42953
2.60743e+09	0.426174
2.67689e+09	0.426174
2.74819e+09	0.422819
2.89655e+09	0.419463
2.97371e+09	0.416107
3.05292e+09	0.416107
3.13424e+09	0.412752
3.30344e+09	0.409396
3.48177e+09	0.40604
3.57452e+09	0.402685
3.66973e+09	0.402685
3.76748e+09	0.399329
3.86784e+09	0.399329
3.97087e+09	0.395973
4.18523e+09	0.392617
4.41116e+09	0.389262
4.52866e+09	0.389262
4.6493e+09	0.385906
4.77314e+09	0.385906
4.90028e+09	0.38255
5.09737e+09	0.38255
5.23315e+09	0.379195
5.44364e+09	0.379195
5.58864e+09	0.375839
5.81342e+09	0.375839
5.96827e+09	0.372483
6.37369e+09	0.372483
6.54347e+09	0.369128
6.98796e+09	0.369128
7.1741e+09	0.365772
7.96958e+09	0.365772
8.18187e+09	0.362416
9.3312e+09	0.362416
9.57975e+09	0.35906
1.09254e+10	0.35906
1.2625e+10	0.35906
1.29613e+10	0.355705
1.34826e+10	0.355705
H fig3 [Si/Fe] all 0.02
6.83153e+06	0.673893
7.19973e+06	0.673915
7.39098e+06	0.670562
7.68777e+06	0.670578
7.89199e+06	0.667225
8.2089e+06	0.667241
8.42697e+06	0.663889
8.76536e+06	0.663905
8.88089e+06	0.660547
9.48318e+06	0.660573
9.73538e+06	0.660584
1.0532e+07	0.650526
1.08121e+07	0.650537
1.09546e+07	0.647179
1.1545e+07	0.6472
1.20086e+07	0.647216
1.23276e+07	0.643864
1.26555e+07	0.643874
1.29917e+07	0.640522
1.36919e+07	0.640543
1.40556e+07	0.63719
1.5408e+07	0.637228
1.58173e+07	0.633875
1.73392e+07	0.633912
1.77998e+07	0.63056
1.97701e+07	0.630602
2.02953e+07	0.62725
2.28398e+07	0.627298
2.34465e+07	0.623945
2.6042e+07	0.623988
2.67337e+07	0.620635
3.00853e+07	0.620683
3.08845e+07	0.61733
3.56809e+07	0.617389
3.66287e+07	0.614036
4.17654e+07	0.614089
4.28749e+07	0.610737
4.88875e+07	0.61079
5.01861e+07	0.607437
5.798e+07	0.607496
5.95202e+07	0.604143
6.87636e+07	0.604202
7.05902e+07	0.600849
8.15528e+07	0.600908
8.37192e+07	0.597555
9.67207e+07	0.597614
9.929e+07	0.594261
1.13214e+08	0.594314
1.16222e+08	0.590962
1.34271e+08	0.59102
1.37837e+08	0.587668
1.55118e+08	0.587716
1.59239e+08	0.584363
1.8157e+08	0.584416
1.86393e+08	0.581064
2.09761e+08	0.581112
2.15333e+08	0.577759
2.3917e+08	0.577802
2.45524e+08	0.574449
2.72703e+08	0.574492
2.79947e+08	0.571139
3.10936e+08	0.571181
3.19196e+08	0.567829
3.49908e+08	0.567866
3.59203e+08	0.564514
3.8863e+08	0.564545
3.98954e+08	0.561193
4.31638e+08	0.561225
4.43104e+08	0.557872
4.79405e+08	0.557904
4.92141e+08	0.554552
5.32459e+08	0.554583
5.46603e+08	0.551231
5.83673e+08	0.551257
5.99178e+08	0.547905
6.31472e+08	0.547926
6.48246e+08	0.544574
6.92209e+08	0.5446
7.10597e+08	0.541248
7.48896e+08	0.541269
7.6879e+08	0.537916
8.10225e+08	0.537938
8.31748e+08	0.534585
8.65148e+08	0.534601
8.8813e+08	0.531248
9.23793e+08	0.531264
9.48333e+08	0.527912
9.86415e+08	0.527928
1.01262e+09	0.524575
1.05328e+09	0.524591
1.08126e+09	0.521238
1.12468e+09	0.521254
1.15456e+09	0.517902
1.20092e+09	0.517918
1.23282e+09	0.514565
1.26561e+09	0.514576
1.29923e+09	0.511223
1.33378e+09	0.511234
1.36921e+09	0.507881
1.42419e+09	0.507897
1.46202e+09	0.504545
1.54078e+09	0.501203
1.62377e+09	0.497861
1.71124e+09	0.494519
1.75669e+09	0.491166
1.80341e+09	0.491177
1.85132e+09	0.487824
1.95104e+09	0.484482
2.05613e+09	0.48114
2.11075e+09	0.477788
2.16689e+09	0.477798
2.22445e+09	0.474446
2.34427e+09	0.471104
2.47055e+09	0.467762
2.60362e+09	0.46442
2.67279e+09	0.461067
2.74387e+09	0.461078
2.81676e+09	0.457725
2.89167e+09	0.457736
2.96848e+09	0.454383
3.12838e+09	0.451041
3.2969e+09	0.447699
3.47448e+09	0.444358
3.66164e+09	0.441016
3.85887e+09	0.437674
4.06673e+09	0.434332
4.28579e+09	0.43099
4.39977e+09	0.431
4.51665e+09	0.427648
4.69802e+09	0.427664
4.82282e+09	0.424311
5.01648e+09	0.424327
5.14974e+09	0.420974
5.42729e+09	0.420996
5.57147e+09	0.417643
5.79519e+09	0.417659
5.94914e+09	0.414307
6.43652e+09	0.414338
6.6075e+09	0.410986
7.14881e+09	0.411018
7.33872e+09	0.407665
8.36787e+09	0.407718
8.59016e+09	0.404366
1.04591e+10	0.404446
1.07369e+10	0.401093
1.34206e+10	0.401184
H fig3 [O/Fe] all 0.02
6.83334e+06	0.704163
7.68913e+06	0.690757
8.999e+06	0.670642
1.1544e+07	0.637111
1.36891e+07	0.617
1.44264e+07	0.613658
1.48096e+07	0.610306
1.52035e+07	0.610316
1.56074e+07	0.606964
1.60224e+07	0.606974
1.64481e+07	0.603622
1.71086e+07	0.603638
1.7563e+07	0.600285
1.85096e+07	0.600307
1.90013e+07	0.596954
2.00254e+07	0.596975
2.05574e+07	0.593623
2.22415e+07	0.593655
2.28324e+07	0.590302
2.53599e+07	0.590345
2.60335e+07	0.586992
2.92973e+07	0.58704
3.00756e+07	0.583687
3.47463e+07	0.583746
3.56693e+07	0.580393
4.12087e+07	0.580452
4.23034e+07	0.577099
4.7607e+07	0.577147
4.88716e+07	0.573794
5.49987e+07	0.573842
5.64597e+07	0.57049
6.43774e+07	0.570543
6.60875e+07	0.56719
7.63508e+07	0.567249
7.8379e+07	0.563896
9.05512e+07	0.563955
9.29567e+07	0.560602
1.07393e+08	0.560661
1.10246e+08	0.557308
1.25706e+08	0.557361
1.29045e+08	0.554009
1.45224e+08	0.554057
1.49081e+08	0.550704
1.69988e+08	0.550757
1.74504e+08	0.547405
1.98975e+08	0.547458
2.04261e+08	0.544105
2.29869e+08	0.544153
2.35976e+08	0.540801
2.62098e+08	0.540843
2.6906e+08	0.537491
2.98844e+08	0.537533
3.06783e+08	0.534181
3.40743e+08	0.534223
3.49795e+08	0.530871
3.83451e+08	0.530908
3.93637e+08	0.527555
4.25885e+08	0.527587
4.37199e+08	0.524234
4.66849e+08	0.524261
4.7925e+08	0.520909
5.18513e+08	0.52094
5.32287e+08	0.517588
5.68385e+08	0.517614
5.83484e+08	0.514262
6.14932e+08	0.514283
6.31267e+08	0.510931
6.74079e+08	0.510957
6.91985e+08	0.507605
7.19772e+08	0.507621
7.38893e+08	0.504268
7.78716e+08	0.504289
7.99403e+08	0.500937
8.42488e+08	0.500958
8.64868e+08	0.497605
8.99597e+08	0.497621
9.23494e+08	0.494269
9.48054e+08	0.494279
9.73239e+08	0.490927
1.01232e+09	0.490943
1.03921e+09	0.48759
1.08094e+09	0.487606
1.10966e+09	0.484253
1.13917e+09	0.484264
1.16943e+09	0.480911
1.21639e+09	0.480927
1.2487e+09	0.477575
1.28191e+09	0.477585
1.31596e+09	0.474233
1.35096e+09	0.474244
1.38685e+09	0.470891
1.42373e+09	0.470902
1.46155e+09	0.467549
1.54028e+09	0.464207
1.62325e+09	0.460865
1.66637e+09	0.457512
1.71068e+09	0.457523
1.75613e+09	0.454171
1.85072e+09	0.450829
1.89988e+09	0.447476
2.00222e+09	0.444134
2.11007e+09	0.440792
2.16612e+09	0.437439
2.2828e+09	0.434098
2.34344e+09	0.430745
2.40577e+09	0.430756
2.46968e+09	0.427403
2.60271e+09	0.424061
2.67184e+09	0.420708
2.7429e+09	0.420719
2.81576e+09	0.417366
2.96744e+09	0.414025
3.12728e+09	0.410683
3.21035e+09	0.40733
3.38328e+09	0.403988
3.56552e+09	0.400646
3.75758e+09	0.397304
3.8574e+09	0.393951
3.95998e+09	0.393962
4.06518e+09	0.39061
4.17329e+09	0.39062
4.28415e+09	0.387268
4.45619e+09	0.387284
4.57456e+09	0.383931
4.69622e+09	0.383942
4.82097e+09	0.380589
5.01456e+09	0.380605
5.14777e+09	0.377252
5.35448e+09	0.377268
5.49672e+09	0.373916
5.71745e+09	0.373932
5.86933e+09	0.370579
6.26738e+09	0.370606
6.43387e+09	0.367253
6.78063e+09	0.367274
6.96075e+09	0.363922
7.73129e+09	0.363964
7.93667e+09	0.360612
9.04968e+09	0.360665
9.29007e+09	0.357312
1.05929e+10	0.357366
1.20784e+10	0.357419
1.23992e+10	0.354066
1.3415e+10	0.354098
