   699 0    1     -0.20 -0.19 -0.13 -0.13 -0.21 -0.16 -0.17 -0.20 -0.16 -0.23 -0.21 -0.25 -0.24 -0.25  0.00   0.06  0.06  0.04  0.06  0.03  0.07  0.05  0.07  0.10  0.07  0.06  0.07  0.00  0.10  0.03     79    16     4     3     3    15    10     9     8     5     5    33     1     4     4                                                 -0.08
   910 0    1     -0.36 -0.34 -0.25 -0.28 -0.31 -0.29 -0.28 -0.30 -0.26 -0.42 -0.36 -0.40 -0.41 -0.44 -0.17   0.07  0.05  0.05  0.09  0.04  0.06  0.12  0.07  0.08  0.07  0.06  0.08  0.00  0.10  0.11     68    14     4     4     6    15    10     9     8     5     5    30     1     4     4    -0.205                                       -0.19
  2235 0    1     -0.28 -0.25 -0.13 -0.18 -0.30 -0.22 -0.21 -0.16 -0.23 -0.37 -0.30 -0.33 -0.34  0.31  0.54   0.07  0.06  0.07  0.02  0.00  0.06  0.10  0.14  0.10  0.07  0.07  0.08  0.00  0.14  0.06     65    16     4     2     1    11    10     5     7     2     6    23     1     3     4                                                 -0.03
  2787 0    1     -0.11 -0.09 -0.08 -0.08 -0.10 -0.11 -0.04 -0.06 -0.09 -0.16 -0.13 -0.19 -0.25 -0.14  0.35   0.07  0.05  0.07  0.10  0.11  0.06  0.14  0.09  0.12  0.07  0.11  0.08  0.00  0.13  0.15     74    17     4     3     5    15    10     8     8     4     5    29     1     4     4                                                 -0.02
  3170 0    3     -0.34 -0.35 -0.34 -0.14 -0.13 -0.23 -0.23 -0.20 -0.21 -0.25 -0.32 -0.37 -0.28 -0.57 -0.34   0.10  0.09  0.05  0.06  0.04  0.12  0.08  0.16  0.15  0.10  0.11  0.13  0.00  0.23  0.08    117    23     4     5     5    30    22    23    16     9     9    42     1     5     4                   -0.13  -0.16  -0.01           -0.16
  5862 0    1      0.17  0.19  0.23  0.23  0.18  0.23  0.19  0.12  0.11  0.16  0.00  0.16  0.10  0.44  0.26   0.07  0.07  0.05  0.08  0.03  0.07  0.04  0.03  0.00  0.03  0.00  0.05  0.00  0.00  0.01     70    16     4     2     2    21    14     7     0     4     0    30     1     1     3     0.06                                               
 10306 0    1     -0.17 -0.13 -0.09 -0.08 -0.12 -0.12 -0.13 -0.12 -0.11 -0.21 -0.16 -0.21 -0.25 -0.15  0.23   0.08  0.07  0.07  0.13  0.09  0.07  0.08  0.10  0.08  0.05  0.10  0.10  0.00  0.13  0.08     74    14     4     2     3    14    10     8     8     3     5    28     1     3     4                                                 -0.06
 12306 0    2     -0.53 -0.58 -0.47 -0.23 -0.30 -0.38 -0.37 -0.37 -0.42 -0.55 -0.56 -0.53 -0.46 -0.74 -0.62   0.07  0.07  0.03  0.07  0.05  0.07  0.08  0.06  0.12  0.03  0.06  0.05  0.00  0.08  0.05     80    19     4     3     4    17     8     8     9     6     5    33     1     4     4                                                 -0.35
 15131 0    1     -0.52 -0.53 -0.38 -0.34 -0.43 -0.43 -0.50 -0.46  0.11 -0.52  0.00 -0.52 -0.46 -0.36 -0.40   0.07  0.07  0.04  0.02  0.01  0.06  0.10  0.02  0.00  0.01  0.00  0.06  0.00  0.00  0.23     69    11     4     2     2    21    14     6     0     4     0    28     1     1     3    -0.26                                               
 15510 0    2     -0.41 -0.42 -0.32 -0.05 -0.05 -0.24 -0.25  0.00  0.11 -0.32  0.00 -0.36 -0.22  0.09 -0.56   0.08  0.21  0.08  0.04  0.04  0.05  0.07  0.05  0.00  0.08  0.00  0.04  0.00  0.00  0.08     69    10     4     2     2    21    14     6     0     5     0    28     1     1     3    -0.01  -0.10                                        
 16788 0    2     -0.32 -0.32 -0.28 -0.18 -0.21 -0.31 -0.27 -0.27 -0.27 -0.34 -0.34 -0.35 -0.20  0.45  0.63   0.07  0.08  0.02  0.08  0.05  0.05  0.12  0.14  0.08  0.06  0.07  0.06  0.00  0.12  0.06     78    17     4     3     4    15    10     9     8     5     6    32     1     4     4    -0.265                                       -0.06
 18235 0    2     -0.71 -0.75 -0.61 -0.31 -0.33 -0.43 -0.40 -0.38 -0.43 -0.72 -0.68 -0.68 -0.52 -0.60 -0.71   0.08  0.09  0.04  0.12  0.05  0.08  0.06  0.10  0.09  0.04  0.05  0.08  0.00  0.11  0.07     81    14     4     5     6    16    10    11     8     5     5    35     1     4     3    -0.24                                        -0.32
 18833 0    1     -0.52 -0.50 -0.39 -0.42 -0.32 -0.43 -0.44 -0.37 -0.39 -0.62 -0.48 -0.50 -0.57 -0.60 -0.29   0.07  0.08  0.07  0.02  0.22  0.07  0.08  0.06  0.12  0.08  0.09  0.09  0.00  0.14  0.08     57    15     4     2     2    12     9     5     8     2     3    19     1     3     4    -0.26                                        -0.22
 20242 0    2     -0.26 -0.29 -0.25 -0.08 -0.02 -0.24 -0.11 -0.19 -0.22 -0.26 -0.25 -0.30 -0.23 -0.43 -0.23   0.08  0.09  0.05  0.05  0.03  0.10  0.09  0.09  0.07  0.08  0.07  0.07  0.00  0.07  0.06     82    18     4     3     5    16     8     8     8     4     6    32     1     4     4    -0.005                                       -0.07
 21832 0    2     -0.61 -0.62 -0.56 -0.30 -0.33 -0.44 -0.44 -0.42 -0.43 -0.63 -0.59 -0.60 -0.47 -0.79 -0.64   0.08  0.07  0.04  0.13  0.02  0.07  0.04  0.07  0.09  0.04  0.07  0.07  0.00  0.07  0.13     76    16     4     3     4    15    10    10     8     6     5    32     1     4     3                                                 -0.30
 26828 0    2     -0.37 -0.35 -0.16 -0.12 -0.16 -0.18 -0.21 -0.20 -0.13 -0.45 -0.36 -0.35 -0.25 -0.51 -0.24   0.07  0.07  0.07  0.09  0.01  0.06  0.07  0.08  0.12  0.06  0.05  0.08  0.00  0.15  0.07     58    15     4     3     2    13     9     6     6     3     5    21     1     4     4                                                 -0.03
 36874 0    2     -0.07 -0.07 -0.13 -0.00  0.04 -0.04 -0.05 -0.07 -0.06 -0.09 -0.03 -0.08 -0.01 -0.19 -0.04   0.08  0.07  0.03  0.02  0.03  0.04  0.03  0.08  0.14  0.04  0.02  0.05  0.00  0.06  0.03     88    19     4     4     6    15     8    10     9     6     6    35     1     4     4     0.10                                         0.02
 37789 0    2     -0.67 -0.68 -0.63 -0.40 -0.53 -0.53 -0.58 -0.55 -0.49 -0.68 -0.66 -0.70 -0.61 -0.83 -0.66   0.07  0.07  0.01  0.08  0.03  0.07  0.08  0.05  0.08  0.11  0.07  0.08  0.00  0.08  0.05     77    15     4     3     3    15     9    10     8     4     6    32     1     4     4    -0.175                                       -0.33
 40613 0    2     -0.63 -0.62 -0.50 -0.24 -0.30 -0.39 -0.37 -0.37 -0.31 -0.64 -0.61 -0.62 -0.47 -0.68 -0.71   0.07  0.07  0.04  0.05  0.03  0.09  0.03  0.05  0.07  0.05  0.08  0.09  0.00  0.07  0.09     71    16     4     4     5    16    10    10     8     3     5    30     1     4     4                                                 -0.32
 44075 0    2     -0.91 -0.89 -0.83 -0.55 -0.57 -0.63 -0.67 -0.65 -0.59 -0.90 -0.90 -0.91 -0.78 -0.89 -0.81   0.07  0.06  0.03  0.07  0.12  0.11  0.08  0.06  0.08  0.17  0.09  0.10  0.00  0.10  0.10     67    16     4     4     3    15    10     9     8     4     5    26     1     4     4    -0.32                                        -0.48
 44441 0    3     -0.28 -0.26 -0.20 -0.13 -0.23 -0.19 -0.19 -0.24 -0.20 -0.34 -0.27 -0.28 -0.36 -0.32 -0.06   0.07  0.06  0.06  0.10  0.07  0.07  0.08  0.12  0.11  0.06  0.07  0.09  0.00  0.12  0.08     65    14     4     4     3    14    10     7     6     2     4    28     1     4     4    -0.085                                       -0.10
 44860 0    2     -0.45 -0.46 -0.36 -0.11 -0.15 -0.27 -0.21 -0.20 -0.19 -0.44 -0.43 -0.43 -0.25 -0.52 -0.51   0.07  0.08  0.03  0.03  0.05  0.05  0.11  0.05  0.08  0.05  0.06  0.07  0.00  0.08  0.05     77    16     4     4     6    15    10    11     8     6     5    32     1     4     4    -0.005                                       -0.07
 88945 0    1     -0.05 -0.03 -0.11 -0.09 -0.04 -0.07  0.03 -0.13 -0.10 -0.04  0.03 -0.17 -0.18  0.02  0.21   0.09  0.06  0.07  0.13  0.06  0.06  0.07  0.11  0.11  0.03  0.06  0.08  0.00  0.08  0.14     78    12     4     3     6    14    10    10     7     5     5    34     1     4     4    -0.04                                        -0.02
 92270 0    1     -0.06 -0.05 -0.03 -0.03 -0.05 -0.05 -0.03 -0.07 -0.04 -0.11 -0.05 -0.08 -0.19 -0.07  0.11   0.06  0.07  0.04  0.11  0.05  0.07  0.06  0.07  0.10  0.05  0.03  0.09  0.00  0.12  0.07     73    15     4     3     6    15    10     8     8     4     5    29     1     4     4     0.01                                         0.03
 93185 0    1     -0.28 -0.29 -0.32 -0.24 -0.25 -0.25 -0.26 -0.28 -0.26 -0.31 -0.27 -0.33 -0.34 -0.28 -0.11   0.07  0.07  0.02  0.05  0.05  0.05  0.06  0.07  0.08  0.04  0.03  0.06  0.00  0.09  0.08     82    15     4     4     6    15    10    11     8     6     6    35     1     4     4    -0.14                                        -0.29
 95447 0    3      0.37  0.33  0.51  0.47  0.47  0.46  0.36  0.42  0.42  0.40  0.38  0.47  0.46  0.27  0.29   0.11  0.12  0.04  0.06  0.05  0.08  0.10  0.22  0.21  0.11  0.10  0.11  0.09  0.29  0.09    143    27     4     5     6    32    22    30    18    14     9    53     2     8     4     0.20   0.23    0.36   0.31   0.41    0.225   0.25
 96258 0    1     -0.02 -0.01 -0.05  0.04 -0.03  0.02  0.07 -0.03  0.03 -0.04 -0.03 -0.09 -0.18  0.01  0.24   0.07  0.06  0.07  0.09  0.02  0.06  0.07  0.10  0.10  0.05  0.05  0.09  0.00  0.14  0.08     68    15     4     3     4    13    10     7     7     4     5    27     1     3     4     0.015                                        0.11
100412 0    3     -0.32 -0.31 -0.28 -0.14 -0.18 -0.22 -0.20 -0.27 -0.22 -0.31 -0.33 -0.36 -0.26 -0.48 -0.22   0.08  0.07  0.03  0.07  0.07  0.09  0.10  0.11  0.12  0.16  0.05  0.09  0.02  0.17  0.05    137    25     4     6     6    32    22    27    18    13     9    52     2     8     4    -0.18          -0.08  -0.08  -0.05   -0.085  -0.21
107975 0    1     -0.53 -0.51 -0.39 -0.37 -0.49 -0.46 -0.46 -0.40 -0.39 -0.62 -0.52 -0.57 -0.57 -0.62 -0.23   0.09  0.05  0.04  0.14  0.05  0.08  0.11  0.07  0.10  0.08  0.10  0.12  0.00  0.10  0.14     67    15     4     2     3    15     9     8     8     2     4    24     1     4     4    -0.255                                       -0.25
112151 0    2     -0.42 -0.44 -0.37 -0.14 -0.09 -0.23 -0.22 -0.05 -0.16 -0.42 -0.41 -0.33 -0.30 -0.42 -0.52   0.10  0.12  0.04  0.04  0.06  0.10  0.08  0.13  0.11  0.04  0.08  0.14  0.00  0.12  0.10     86    14     4     4     6    17    10    11     8     6     5    37     1     4     4    -0.01                                        -0.05
113174 0    1     -0.11 -0.08 -0.11 -0.12  0.00 -0.15 -0.06 -0.09 -0.02 -0.21 -0.06 -0.16 -0.20 -0.09  0.49   0.07  0.06  0.09  0.05  0.00  0.08  0.12  0.03  0.08  0.08  0.06  0.08  0.00  0.00  0.15     49     8     2     2     0     9     8     2     4     2     3     9     1     1     3                                                        
116421 0    2     -0.45 -0.44 -0.40 -0.13 -0.09 -0.23 -0.26 -0.17 -0.19 -0.43 -0.41 -0.40 -0.38 -0.48 -0.45   0.08  0.08  0.03  0.03  0.02  0.06  0.07  0.07  0.11  0.04  0.04  0.12  0.00  0.08  0.05     84    19     4     3     6    17     8    11     9     6     5    34     1     4     4    -0.045                                        0.05
116740 0    2      0.05  0.07  0.10  0.21  0.17  0.09  0.16 -0.07 -0.01  0.06  0.05 -0.02  0.15 -0.09  0.19   0.08  0.07  0.06  0.26  0.17  0.10  0.12  0.09  0.14  0.03  0.01  0.09  0.00  0.13  0.13     66     9     4     3     6    14    10     8     7     2     4    28     1     3     4                                                 -0.02
118010 0    2     -0.07 -0.09 -0.13  0.00  0.05 -0.05  0.01 -0.01 -0.01 -0.10 -0.12 -0.11 -0.05 -0.18 -0.05   0.08  0.06  0.02  0.06  0.04  0.06  0.10  0.09  0.08  0.05  0.04  0.06  0.00  0.08  0.06     84    16     4     4     4    15    10    11     8     6     5    35     1     4     4     0.04                                         0.12
