[Fe/H] [C/Fe] [Mg/Fe] [Si/Fe] [Ca/Fe] [Sc/Fe] [Ti/Fe] [Cr/Fe] [Mn/Fe] [Co/Fe] [Ni/Fe] [Zn/Fe] [Sr/Fe] [Ba/Fe]
-2.97   0.55   0.06   -0.07    0.29    0.10    0.36    -0.12   -0.15   0.28   -0.03    0.54   -1.18   -30.0
-3.05   0.45   0.29    0.31    0.37    0.44    0.38    -0.24   -0.24   0.40    0.04    0.28   -0.57   -30.0
-2.92   0.40   0.08    0.04    0.29    0.29    0.45    -0.23   -0.36   0.31   -0.07    0.41   -0.02   -0.26
-3.10   0.38   0.22    0.15    0.27    0.21    0.27    -0.22   -0.17   0.37    0.02    0.37   -0.36   -30.0
-3.30   0.38   0.23    0.31    0.31    0.28    0.39    -0.28   -0.34   0.57    0.08   -30.0    0.18   -30.0
-3.30  -30.0   0.05   -0.13    0.30    0.35    0.49    -0.21   -0.29   0.50   -0.01    0.82   -0.16   -0.23
-2.89   0.37   0.36   -0.01    0.24    0.35    0.26    -0.32   -0.38   0.39    0.04    0.39   -0.57   -30.0
-3.04   0.62   0.25   -0.02    0.47    0.16    0.44    -0.16   -0.11   0.44    0.03    0.67    0.31   -30.0
-3.07   0.45   0.21    0.27    0.32    0.21    0.38    -0.23   -0.30   0.48    0.08    0.50    0.03   -0.05
-2.70   0.38   0.19    0.00    0.28    0.10    0.50     0.01    0.28   0.36    0.19    0.73   -0.60   -30.0
-2.91   0.49   0.28    0.17    0.49    0.36    0.52    -0.12   -0.19   0.39    0.04    0.71    0.16    0.18
-2.83   0.41   0.27    0.17    0.46    0.27    0.47    -0.16   -0.22   0.45    0.04    0.66    0.36   -0.35
-2.77  -30.0   0.06   -30.0    0.40   -30.0   -30.0    -0.18   -30.0  -30.0    0.04    0.33   -30.0   -30.0
-3.20  -30.0   0.19    0.01    0.40    0.41    0.49    -0.20   -0.24   0.57    0.07    0.68    0.08   -30.0
-3.55   1.18   0.43    0.15    0.36    0.26    0.35    -0.21   -0.26   0.70   -0.09    0.98    0.34   -30.0
-2.75   0.23   0.28    0.17    0.45    0.20    0.45    -0.16   -0.19   0.30    0.02    0.55   -0.32   -0.28
-3.08   0.56   0.18   -0.12    0.43    0.17    0.38    -0.24   -0.31   0.33   -0.01    0.47   -0.10   -30.0
-2.58   0.56   0.22    0.14    0.40    0.31    0.45    -0.10   -0.11   0.38    0.03    0.40    0.21   -0.40
-3.81   0.34   0.58    0.31    0.39    0.42    0.34    -0.41   -0.53   0.39   -0.05   -30.0   -1.59   -1.0
