-0.35  0.21 -30.0 0.29 -0.04  0.02 -0.02  0.08  0.08   0.10  0.12  0.08  0.08  0.01 -0.05  0.01 -0.08  0.02 -0.02 -0.03  0.11
-0.29  0.19 -30.0 0.24  0.09  0.01  0.01  0.04  0.05   0.12  0.11  0.02  0.06 -0.01 -0.06 -0.02 -0.13  0.01 -0.02 -0.11  0.10
-0.11  0.28  0.42  0.40  0.01  0.11  0.06  0.15  0.11   0.21  0.21  0.00  0.00 -0.03 -0.04  0.01 -0.07  0.00  0.01 -0.03  0.05
-0.27  0.33  0.32  0.35  0.12  0.05  0.07  0.09  0.07   0.12  0.18  0.02  0.00 -0.03 -0.07 -0.03 -0.15 -0.03 -0.03 -0.07  0.08
-0.26  0.15 -30.0 0.43 -30.0 0.08  0.09  0.08  0.08   0.16  0.34  0.06 -0.03  0.04 -0.05 -0.02 -0.17 -0.08 -0.03 -0.14  0.00
-0.41  0.20 -30.0 0.30 -30.0 0.05  0.07  0.04  0.04   0.12  0.22  0.04  0.01  0.00 -0.05 -0.05 -0.18 -0.04 -0.03 -0.13  0.07
-0.19  0.20  0.43  0.27 -0.07  0.01 -0.03  0.04  0.03   0.15  0.12 -0.01  0.02 -0.05 -0.03 -0.06 -0.13 -0.04 -0.05 -0.12  0.06
-0.36  0.33  0.25  0.33 -30.0 0.03  0.10  0.11  0.06   0.15  0.21  0.03  0.06  0.03 -0.03 -0.03 -0.06 -0.03 -0.03 -0.04  0.08
-0.58  0.22 -30.0 0.36 -30.0 0.10  0.11  0.07  0.07   0.11  0.28  0.05  0.05  0.04  0.04 -0.04 -0.13 -0.05 -0.03 -0.13  0.08
-0.35  0.14 -30.0 0.37 -30.0 0.05  0.11  0.04  0.07   0.06  0.32  0.08  0.04  0.03  0.06 -0.02 -0.18  0.00 -0.05 -0.15  0.13
-0.38  0.05 -30.0 0.18 -30.0 0.03  0.09  0.18  0.03  -0.05  0.26  0.06  0.01  0.09 -0.01  0.01 -0.20 -0.06 -0.05 -0.15 -0.02
-0.18  0.19  0.28  0.30 -30.0 -0.02  0.06  0.14  0.06   0.08  0.17  0.03  0.08  0.02 -0.05 -0.02 -0.16  0.00 -0.01 -0.07  0.06
-0.17  0.22 -30.0 0.35 -30.0 0.16 -0.07  0.05  0.11   0.16  0.20  0.02 -0.12 -30.0 0.06 -0.08 -0.02 -30.0 0.00 -30.0 -0.03
-0.39  0.07 -30.0 0.20 -30.0 0.08  0.01  0.06  0.08  -0.10 -30.0 0.07 -0.19  0.06 -30.0 0.03 -0.27 -30.0 -0.05 -30.0 -0.05
-0.15  0.09  0.15  0.21 -30.0 0.00  0.05  0.03  0.02   0.03 -30.0 0.01 -0.04  0.00 -0.05 -0.03 -0.13 -0.07 -0.05 -0.15  0.01
-0.32  0.24 -30.0 0.28 -30.0 0.02  0.00  0.07  0.04   0.04  0.05  0.03  0.07 -0.02 -0.07 -0.03 -0.12  0.04 -0.02 -0.06  0.00
-0.69 -30.0 -30.0 0.39 -30.0  -30.0 -30.0 0.08  0.16   0.16 -30.0 0.08  0.01  0.02 -30.0 -30.0  -0.21 -30.0 -0.02 -0.15 -0.04
-0.43  0.10 -30.0 0.33  0.05  0.15  0.11  0.16  0.09   0.04  0.32  0.06 -0.07  0.07 -0.01  0.02 -0.14  0.02  0.01 -0.06  0.03
-0.12  0.16 -30.0 0.25 -30.0 0.02  0.01  0.13  0.05   0.08  0.25  0.03 -0.10  0.07  0.00  0.01 -0.12  0.01 -0.01 -0.32  0.05
-0.16  0.04  0.04  0.26 -0.01  0.05  0.03  0.06  0.01   0.03  0.46  0.01 -0.01  0.03  0.01 -0.02 -0.16 -0.06 -0.04 -0.12  0.04
-0.35  0.13 -30.0 0.31  0.05 -0.02  0.10  0.12  0.03   0.11  0.20  0.04  0.04  0.03 -0.04 -0.05 -0.17 -0.04 -0.04 -0.07  0.06
-0.28  0.09  0.26  0.21  0.07  0.05  0.11  0.02  0.04   0.05  0.23  0.03  0.03  0.04 -0.02 -0.01 -0.12 -0.02 -0.02 -0.07  0.05
-0.31  0.08 -30.0 0.22  0.06  0.03  0.05  0.11  0.02   0.08  0.21  0.01  0.00  0.01 -0.06 -0.03 -0.16 -0.02  0.00 -0.05  0.08
-0.39  0.30 -30.0 0.46 -30.0 0.08  0.19  0.25  0.14   0.24  0.19  0.09  0.12  0.15  0.00 -0.03 -0.22  0.05 -0.01  0.01  0.20
-0.29 -0.01  0.25  0.24 -30.0 0.02  0.03  0.00  0.02   0.02  0.32  0.01 -0.05  0.05  0.02 -0.05 -0.21  0.03 -0.06 -0.23 -0.02
-0.42  0.15 -30.0 0.30 -30.0 0.06  0.09  0.08  0.06  -0.02  0.25  0.02 -0.14  0.02 -0.04 -0.04 -0.16 -0.01 -0.02 -0.11  0.01
-0.31 -0.10  0.24  0.21 -30.0 0.07  0.05  0.08  0.03  -0.01  0.38  0.04 -0.12  0.07  0.02 -0.02 -0.18  0.02 -0.04 -0.12  0.07
-0.01 -0.19  0.06  0.24 -30.0 -0.02  0.02  0.11  0.03   0.01 -30.0 0.06 -0.12  0.03  0.00 -0.02 -0.12  0.00 -0.02 -0.15 -0.02
-0.12  0.14 -30.0 0.35 -0.15  0.04  0.06  0.15  0.08   0.14  0.24  0.06 -0.03 -0.01 -0.07  0.01 -0.13 -0.03  0.00 -0.11 -0.05
-0.52  0.21 -30.0 0.40 -30.0 0.12  0.12  0.10  0.13   0.05 -30.0 0.06 -0.06  0.06  0.02 -0.01 -0.24  0.11 -0.03 -0.06  0.08
-0.33  0.06 -30.0 0.22 -30.0 0.06  0.06  0.02  0.06  -0.03 -30.0 0.02 -0.01  0.03  0.01 -0.03 -0.20  0.05 -0.04 -0.18 -0.04
-0.48  0.27 -30.0 0.41 -30.0 0.07  0.14  0.16  0.07   0.16  0.29 -0.02  0.05  0.04 -0.03 -0.07 -0.18 -0.02 -0.02 -0.03  0.19
-0.28  0.13 -30.0 0.27 -30.0 0.06  0.10  0.09  0.06   0.07  0.22  0.02  0.05  0.02 -0.05  0.03 -0.19  0.00  0.00 -30.0 0.09
-0.25  0.19 -30.0 0.28  0.15  0.06  0.09  0.11  0.04   0.18  0.43  0.09  0.11  0.06  0.02  0.04 -0.15  0.07  0.05 -0.04  0.09
-0.19  0.18 -30.0 0.34 -0.03  0.06  0.09  0.15  0.06   0.21  0.37  0.03  0.05  0.00 -0.04 -0.02 -30.0 0.01 -0.01 -0.01  0.03
-0.36  0.21 -30.0 0.34  0.06  0.03  0.07  0.11  0.07   0.17 -30.0  -30.0  -30.0   0.00 -30.0  -30.0  -30.0  -0.07 -30.0  -30.0 -30.0 
-0.38  0.05 -30.0 0.31  0.10  0.02  0.04  0.09  0.03   0.03  0.26  0.01  0.02  0.02 -0.02 -0.05 -30.0 0.04 -0.02 -0.09 -0.04
-0.39  0.25 -30.0 0.36 -30.0 0.01  0.12  0.16  0.07   0.10  0.47  0.06  0.01  0.04 -0.04 -0.01 -0.18 -0.03 -0.04 -0.09  0.03
-0.54  0.10 -30.0 0.29 -30.0 0.12  0.14  0.12  0.07 -30.0  0.38  0.10 -0.04  0.10  0.01 -0.03 -30.0 0.01 -0.01 -0.06  0.00
-0.01  0.05  0.08  0.17 -30.0 -0.01  0.11  0.05  0.02   0.06  0.14 -0.01  0.04 -0.01 -0.06  0.00 -0.10 -0.02 -30.0 -0.05 -0.03
-0.45  0.34 -30.0 0.39 -30.0 0.09  0.14  0.13  0.10   0.20  0.25  0.05  0.11  0.03 -0.04 -0.01 -0.16  0.01 -0.02 -0.05  0.14
-0.22  0.22 -30.0 0.30 -30.0 0.00 -0.06  0.02  0.04   0.23  0.13 -0.01 -0.05 -0.07 -0.10 -0.06 -0.14 -0.11 -0.06 -0.16  0.01
-0.56  0.11 -30.0 0.26 -30.0 0.09  0.10  0.09  0.06   0.10  0.23  0.03  0.01  0.04  0.00 -0.01 -0.21 -0.06 -0.03 -0.10  0.03
-0.16  0.13 -30.0 0.18  0.10 -0.04 -0.07  0.00  0.01   0.12 -0.06 -0.02  0.11 -0.04 -0.05 -0.04 -0.07 -0.03 -0.02 -0.03  0.09
-0.12  0.08  0.15  0.19 -30.0 0.00  0.07  0.08  0.03   0.10  0.20 -0.01 -30.0 0.00 -0.07 -0.01 -0.08 -0.04 -0.02 -0.07  0.03
-0.20  0.16  0.21  0.25 -30.0 -0.01  0.06  0.07  0.04   0.18  0.07 -0.02  0.09 -0.02 -0.06 -0.03 -0.06 -0.01 -0.01 -0.06  0.08
-0.24  0.24  0.25  0.42 -30.0 0.05  0.07  0.09  0.08   0.26  0.25  0.01  0.07 -0.02 -0.10 -0.02 -0.14 -0.05 -0.01 -0.10  0.09
-0.21  0.17 -30.0 0.34 -30.0 -0.09  0.06  0.09  0.05   0.18  0.07  0.00  0.06 -0.02 -0.10 -0.04 -0.15 -0.04 -0.04 -0.10  0.05
 0.04 -0.01  0.04  0.17 -30.0 -0.11  0.07  0.07  0.02  -0.01  0.14  0.01 -0.13 -0.04  0.14  0.00 -0.15 -0.12 -0.05 -0.27 -0.08
-0.38  0.15  0.27  0.32  0.21  0.08  0.05  0.03  0.05   0.13  0.32  0.08  0.00  0.02 -0.02 -0.02 -0.19 -0.01 -0.02 -0.11  0.05
-0.25  0.04  0.17  0.20 -30.0 0.04  0.10  0.00  0.05   0.00  0.31  0.00  0.00  0.03 -0.03  0.00 -0.14 -0.05 -0.04 -0.14  0.01
-0.08  0.10  0.22  0.15  0.03 -0.02  0.04  0.03  0.01   0.14 -30.0 -0.03 -0.03 -0.02 -0.09 -0.01 -0.02 -0.03 -0.06 -0.04 -0.03
-0.21  0.04 -30.0 0.21  0.03  0.00  0.10  0.13  0.04   0.00  0.28  0.08  0.06  0.11  0.06 -0.04 -0.15 -0.07 -0.03 -0.12 -0.03
-0.42  0.18 -30.0 0.33 -30.0 0.06  0.09  0.09  0.07   0.12  0.26  0.04  0.08  0.06  0.02 -0.02 -0.15  0.00 -0.01 -0.11  0.12
-0.44  0.13 -30.0 0.28 -30.0 0.07  0.08  0.06  0.05   0.10  0.26  0.00  0.03  0.02 -0.06 -0.02 -0.14 -0.05 -0.02 -0.08  0.09
-0.29  0.11 -30.0 0.21  0.11 -0.04  0.06  0.00  0.03   0.12  0.08  0.00 -0.06  0.00 -0.05 -0.04 -0.18 -0.06 -0.06 -0.15 -0.04
-0.23  0.00 -30.0 0.14 -30.0 0.01  0.11  0.11  0.02  -0.02  0.28  0.02 -0.02 -0.02 -0.03  0.00 -0.19 -0.04 -0.04 -0.15 -0.05
-0.28  0.21  0.44  0.38  0.23  0.01  0.11  0.06  0.09   0.08  0.33  0.04  0.04  0.04 -0.06 -0.04 -0.20 -0.02 -0.03 -0.06  0.08
-0.53  0.25 -30.0 0.36 -30.0 0.07  0.06  0.10  0.03   0.25  0.11  0.03  0.04 -0.01 -0.04 -0.02 -0.06 -0.04 -0.03 -0.05  0.21
-0.41  0.24 -30.0 0.33 -0.06  0.03  0.09  0.08  0.04   0.17 -30.0 0.03  0.07  0.01 -0.01 -0.01 -0.18 -0.03 -0.02 -0.05  0.11
-0.28  0.10 -30.0 0.27  0.03  0.05  0.08  0.11  0.04   0.04  0.30  0.02 -30.0 0.04 -0.02 -0.01 -0.13 -0.02 -0.02 -0.07  0.06
-0.43 -0.04 -30.0 0.22 -30.0 0.04  0.14  0.07  0.08   0.02  0.24  0.02  0.05  0.05 -0.04  0.00 -0.19  0.02 -0.02 -0.08  0.07
-0.35  0.34 -30.0 0.41 -30.0 0.06  0.15  0.12  0.09   0.14  0.32  0.07  0.12  0.10  0.00 -0.04 -0.22  0.01 -0.01 -0.06  0.10
-0.06  0.23  0.44  0.29 -30.0 0.07  0.04  0.13  0.08   0.18  0.03 -0.05  0.02 -0.04 -0.07 -0.03 -0.08  0.03  0.02  0.04  0.13
-0.24  0.02 -30.0 0.39 -30.0 0.10  0.06  0.02  0.05   0.01  0.47  0.03 -0.12  0.07  0.14  0.03 -0.13  0.04 -0.06 -0.18 -0.01
-0.25  0.01 -30.0 0.22 -30.0 0.02  0.09  0.01  0.01  -0.02  0.31 -0.04  0.03  0.03 -0.04 -0.05 -0.12 -0.05 -0.03 -0.12  0.05
-0.47  0.19 -30.0 0.33  0.17  0.08  0.05  0.08  0.04   0.16  0.26  0.07  0.10  0.04 -0.03 -0.03 -0.13  0.01 -0.02 -0.09  0.09
 0.05  0.17  0.32  0.19 -30.0 0.00  0.01  0.06  0.07   0.16  0.02 -0.05  0.12 -0.05 -0.08 -0.03 -0.05  0.00  0.02  0.00  0.10
-0.14  0.07  0.18  0.17 -30.0 -0.02  0.06  0.08  0.02   0.10  0.11 -0.01  0.06  0.00 -0.04 -0.02 -0.09 -0.02 -0.02 -0.03  0.09
-0.15  0.12  0.30  0.22 -30.0 -0.01  0.11  0.12  0.05   0.05 -30.0 -0.04 -0.09  0.01 -0.13  0.00 -0.13 -0.04  0.00 -0.13  0.01
-0.62  0.21 -30.0 0.38 -30.0 -0.01  0.10  0.15  0.08   0.12  0.16  0.05  0.07  0.09 -0.01 -0.03 -0.18  0.00 -0.02 -0.09 -0.03
-0.35  0.10 -30.0 0.32 -0.13  0.06  0.05  0.13  0.05   0.10  0.50  0.06 -0.05  0.08  0.06  0.04 -0.14 -0.08 -0.02 -0.11 -0.01
-0.31  0.05  0.17  0.20 -30.0 0.05  0.07  0.06  0.04  -0.04  0.26  0.00  0.05  0.04 -0.02 -0.03 -0.21 -0.04 -0.03 -0.15  0.08
-0.45  0.18 -30.0 0.29  0.19  0.09  0.11  0.13  0.02   0.08  0.29  0.07  0.03  0.04 -0.02 -0.06 -0.15 -0.01 -0.02 -0.06  0.08
-0.15  0.16 -30.0 0.26 -30.0 -0.12 -0.02 -0.04  0.00   0.10  0.16 -0.04 -0.05 -0.02 -0.06  0.03 -0.13 -0.10 -0.06 -0.21 -0.02
-0.46  0.22 -30.0 0.34  0.08  0.09  0.17  0.15  0.09   0.08  0.37  0.04  0.08  0.06  0.01 -0.01 -0.17  0.03  0.00 -0.05  0.08
-0.18  0.19 -30.0 0.38  0.12  0.05  0.13  0.10  0.07   0.19  0.40  0.04 -0.01  0.01 -0.07  0.00 -0.11 -0.02 -0.02 -0.07  0.05
-0.36  0.14 -30.0 0.22  0.29  0.05  0.05  0.10  0.04   0.09  0.28  0.03  0.02  0.02  0.05 -0.02 -0.11 -0.02  0.01 -0.05  0.08
-0.31  0.18 -30.0 0.34  0.12  0.04  0.05  0.08  0.05   0.12  0.33  0.03  0.03  0.02 -0.10 -0.02 -0.14 -0.03 -0.02 -0.06  0.15
-0.25  0.04 -30.0 0.19  0.05  0.07  0.06  0.08  0.04   0.06  0.41  0.05 -0.01  0.05  0.00  0.03 -0.14 -0.05 -0.01 -0.09  0.00
-0.46  0.14 -30.0 0.30 -30.0 0.03  0.10  0.10  0.07   0.19  0.12  0.03  0.12  0.06 -0.02 -0.01 -0.15  0.01 -0.01 -0.03  0.09
-0.39  0.11 -30.0 0.18  0.09  0.08  0.09  0.08  0.06   0.05  0.33  0.05  0.01  0.05  0.98 -0.03 -0.15 -0.05 -0.01 -0.07  0.02
-0.38  0.23 -30.0 0.32 -30.0 0.03  0.03  0.13  0.06   0.21  0.11  0.05  0.05 -0.01 -0.06 -0.04 -0.11  0.00 -0.02 -0.08  0.03
-0.42  0.23 -30.0 0.43  0.09  0.11  0.07 -0.04  0.10   0.13  0.39  0.08  0.03  0.08  0.03 -0.04 -0.20 -0.06  0.00 -0.11  0.02
-0.44  0.32 -30.0 0.55  0.09  0.11  0.07  0.11  0.08   0.14  0.34  0.04  0.11  0.01 -0.07 -0.05 -0.20 -0.06 -0.03 -0.14  0.07
-0.48  0.22 -30.0 0.59  0.18  0.16  0.33  0.31  0.23   0.20  0.50  0.18  0.08  0.26  0.04 -0.02 -0.28  0.15  0.04 -0.06  0.24
-0.35  0.12  0.58  0.22 -30.0 0.00  0.10  0.04  0.04  -0.01  0.15  0.01  0.05  0.06 -0.03 -0.04 -0.17 -0.04 -0.06 -0.15  0.02
-0.32 -0.02 -30.0 0.34 -30.0 0.10  0.11  0.01  0.06  -0.02 -30.0 0.11  0.03  0.15  0.08 -0.01 -0.15  0.08 -0.04 -0.20  0.02
-0.45  0.25 -30.0 0.34 -30.0 0.08  0.08  0.12  0.07   0.16  0.25  0.01  0.12  0.02 -0.05 -0.03 -0.14  0.00 -0.01 -0.08  0.03
-0.38  0.07 -30.0 0.25  0.15  0.04  0.04  0.04  0.00   0.04  0.22  0.04  0.06  0.00 -0.04 -0.06 -0.17 -0.06 -0.04 -0.10  0.06
-0.28  0.13 -30.0 0.36 -30.0 0.03 -0.03  0.05  0.06   0.11  0.17  0.04 -30.0 -0.01 -0.05 -0.03 -0.16 -0.04 -0.05 -30.0 0.08
-0.41  0.18 -30.0 0.25 -30.0 0.00  0.04  0.14  0.07   0.12  0.06  0.04  0.15  0.07 -0.01 -0.02 -0.09  0.01 -0.01  0.01  0.16
-0.39  0.10 -30.0 0.26  0.15  0.07  0.08  0.00  0.05   0.01  0.27  0.00 -0.02 -0.01  0.00 -0.04 -0.12 -0.02 -0.01 -0.11  0.04
-0.23  0.18 -30.0 0.29 -0.01  0.08  0.08  0.17  0.07   0.18  0.19  0.08  0.00  0.01 -0.06 -0.02 -0.14 -0.01  0.01 -0.07 -0.05
-0.23  0.12 -30.0 0.41 -30.0 0.04 -30.0 0.13  0.09   0.07 -30.0 0.05 -0.05 -0.05  0.13 -0.03 -0.19 -0.02 -0.04 -0.22 -30.0
-0.44  0.24 -30.0 0.37 -30.0 0.07  0.06  0.09  0.04   0.20  0.25  0.04  0.05  0.01 -0.06 -0.02 -0.19 -0.01 -0.03 -0.05  0.06
-0.42  0.20 -30.0 0.36 -30.0 0.14  0.06  0.13  0.08   0.10 -30.0 0.12 -0.08  0.07  0.20  0.04 -0.11 -0.06 -0.04 -0.18  0.02
-0.38  0.33 -30.0 0.49 -30.0 0.11  0.21  0.30  0.20   0.28  0.20  0.13  0.22  0.19  0.07 -0.01 -0.20  0.11  0.05  0.07  0.27
-0.49  0.28 -30.0 0.38 -30.0 0.08  0.08  0.11  0.08   0.16  0.42  0.07  0.06  0.08  0.09 -0.02 -0.16 -0.05 -0.02 -0.09  0.05
-0.36  0.23 -30.0 0.35 -30.0 0.04  0.12  0.11  0.08   0.16  0.24  0.01  0.10  0.04  0.06  0.00 -0.15  0.00 -0.01 -0.04  0.11
-0.37  0.39 -30.0 0.51  0.33  0.06 -0.05  0.16  0.11   0.35  0.17  0.04  0.13 -0.02 -0.09 -0.02 -0.14  0.01  0.01 -0.04  0.18
-0.60  0.23 -30.0 0.49 -30.0 0.08  0.11  0.16  0.08   0.17  0.36  0.11  0.06  0.07  0.01  0.00 -0.16  0.02 -0.02 -0.12  0.04
-0.37  0.30 -30.0 0.30  0.05  0.09  0.05  0.15  0.04   0.24  0.25 -30.0 -0.07  0.13  0.17 -0.02 -0.07 -0.06 -0.05 -0.11 -0.01
-0.36  0.19 -30.0 0.28  0.00  0.07  0.09  0.09  0.05   0.16  0.35  0.05  0.02  0.04  0.03 -0.07 -0.14  0.00 -0.02 -0.07  0.08
-0.17  0.12 -30.0 0.33 -30.0 0.05 -30.0 0.04  0.03   0.05 -30.0 0.06 -0.09 -0.08 -30.0 -0.04 -0.16 -0.12 -0.07 -0.20 -30.0
-0.05  0.06 -30.0 0.21 -30.0 0.00  0.01  0.02  0.02   0.12  0.18 -0.01 -0.02 -0.08 -0.09 -0.03 -0.13 -0.07 -0.03 -0.20 -0.02
-0.17  0.18 -30.0 0.23 -30.0 0.08  0.03  0.02  0.05   0.10 -30.0 -0.01  0.00 -0.02  0.00 -0.02 -0.14 -0.04 -0.03 -0.08  0.05
-0.09  0.11 -30.0 0.24 -30.0  -30.0 -30.0 0.02  0.04   0.18 -30.0 0.06 -0.09 -30.0 0.14  0.08 -0.12 -0.05 -0.04 -0.23 -30.0
-0.38  0.26 -30.0 0.34 -30.0 0.07  0.11  0.12  0.08   0.19 -30.0 0.02  0.09  0.02 -0.07 -0.04 -0.16 -0.01  0.00 -0.02  0.15
-0.22  0.16  0.12  0.26 -30.0 0.06 -0.03  0.05  0.05   0.15  0.26  0.01  0.04  0.00 -0.08 -0.02 -0.14 -0.04 -0.03 -0.07  0.05
-0.07 -0.03 -30.0 0.34 -30.0 0.00  0.07  0.04  0.04   0.02  0.37  0.02  0.02  0.03 -0.05 -0.01 -0.15 -0.04 -0.03 -0.18 -0.03
-0.10  0.33  0.51  0.26 -30.0 0.10  0.00  0.03  0.07   0.12  0.21  0.04  0.03  0.00 -0.01 -0.03 -0.10 -0.01  0.01  0.00  0.06
-0.41  0.18 -30.0 0.24 -30.0 -0.01  0.02  0.07  0.02   0.05  0.08  0.00  0.00 -0.04 -0.06 -0.06 -0.20 -0.02 -0.08 -0.18 -0.01
 0.11  0.04  0.03  0.19 -30.0 0.06  0.08  0.22  0.10   0.13  0.25 -0.05 -0.19 -0.04 -0.07 -30.0 -0.04 -0.03  0.02 -0.06  0.01
-0.27  0.26 -30.0 0.39 -30.0 0.11  0.03  0.11  0.09   0.21  0.26  0.04  0.00  0.00 -0.09 -0.01 -0.11 -0.02  0.00 -0.01  0.04
-0.14  0.24  0.29  0.50 -0.13 -30.0 0.02  0.07  0.11   0.20  0.42  0.04 -0.11 -0.05 -0.07  0.02 -0.16 -0.07 -0.02 -0.19  0.01
 0.00  0.05 -30.0 0.17 -30.0 0.09  0.15  0.08  0.01   0.04 -30.0 0.02 -0.22 -0.02 -0.02 -0.03 -0.07 -0.01 -0.01 -30.0 -30.0
-0.37  0.19 -30.0 0.29 -30.0 0.05  0.08  0.13  0.04   0.11  0.28  0.00  0.08  0.06  0.00  0.01 -0.20 -0.01 -0.02 -0.07  0.01
-0.31  0.24 -30.0 0.30 -30.0 0.00  0.09  0.08  0.08   0.14  0.19 -0.01  0.10  0.01 -0.03 -0.04 -0.13 -0.02 -0.03 -0.06  0.06
-0.46  0.26 -30.0 0.30  0.26  0.12  0.06  0.12  0.07   0.08 -30.0 0.06 -0.01  0.00 -0.01 -0.05 -0.18 -0.05 -0.01 -0.05  0.03
-0.33  0.07 -30.0 0.33 -30.0 0.00 -30.0 0.02  0.05   0.00 -30.0 0.06  0.02 -0.01  0.02 -30.0 -0.16  0.01 -0.06 -0.16 -30.0
-0.09  0.11  0.17  0.21 -0.12  0.06  0.06  0.04  0.03   0.03  0.26  0.03  0.04 -0.02  0.01  0.07 -0.15 -0.09 -0.04 -0.17 -0.06
-0.44  0.22 -30.0 0.44 -30.0 0.14  0.10  0.14  0.12   0.19  0.39  0.07  0.05  0.06  0.09  0.02 -0.18  0.00  0.00 -0.08  0.07
-0.53  0.15 -30.0 0.39 -30.0 0.03  0.12  0.17  0.04   0.13  0.30  0.00  0.05  0.07 -0.04 -0.07 -0.21 -0.02 -0.03 -0.06  0.18
-0.39  0.12 -30.0 0.28  0.19  0.01  0.08  0.14  0.06   0.13  0.22  0.01  0.01  0.05 -0.01 -0.02 -0.18 -0.01 -0.03 -0.06  0.05
 0.00  0.18 -30.0 0.21  0.03  0.00  0.01  0.08  0.06   0.21 -0.02 -0.01  0.15 -0.04 -0.09 -0.05 -0.07 -0.01  0.02  0.00  0.06
-0.08  0.12 -30.0 0.25 -30.0 0.09 -0.02  0.03  0.06   0.12 -30.0 0.05 -0.04 -0.05 -0.04 -0.03 -0.14 -0.03 -0.04 -0.07  0.04
-0.26  0.22 -30.0 0.32 -30.0 0.02  0.01 -0.05  0.08   0.20  0.25  0.03 -0.02 -0.01 -0.07 -0.03 -0.15 -0.06 -0.03 -0.13  0.00
-0.46  0.15 -30.0 0.30  0.18  0.07  0.09  0.11  0.08   0.09  0.34  0.08  0.04  0.06  0.03  0.02 -0.16 -0.01 -0.01 -0.06  0.04
-0.35  0.14 -30.0 0.31 -30.0 0.13  0.09  0.09  0.07   0.16  0.33  0.03  0.02  0.00 -0.02 -0.01 -0.14  0.01  0.00 -0.04  0.08
-0.19  0.13 -30.0 0.17  0.10 -0.05  0.00  0.01  0.02   0.18  0.06 -0.02  0.02 -0.03 -0.10 -0.02 -0.11 -0.08 -0.04 -0.11  0.04
-0.29 -0.04 -0.02  0.22 -30.0 0.03 -0.01 -0.01  0.03   0.00  0.46  0.04  0.05  0.07  0.00  0.01 -0.18 -0.03 -0.05 -0.09 -0.02
-0.20  0.16  0.03  0.25 -30.0 0.01 -0.01  0.06  0.01   0.11  0.17 -0.02 -0.03 -0.04 -0.06 -0.03 -0.12 -0.06 -0.05 -0.09  0.02
-0.30  0.19 -30.0 0.30 -30.0 0.02  0.07  0.10  0.06   0.19  0.10  0.00  0.11  0.02 -0.01 -0.06 -0.13  0.00 -0.02 -0.03  0.10
-0.44  0.19 -30.0 0.29 -30.0 0.06  0.07  0.06  0.03   0.04  0.33  0.03  0.02  0.06  0.02 -0.06 -0.17 -0.02 -0.05 -0.13  0.00
-0.32  0.09 -30.0 0.34 -30.0 0.03  0.05  0.01  0.02   0.05  0.37  0.08 -0.01  0.00  0.15 -0.05 -0.20 -0.09 -0.05 -0.20  0.04
-0.11  0.04 -30.0 0.14 -30.0 -0.01 -0.04 -0.01  0.01  -0.08  0.36  0.04  0.01 -0.03  0.15  0.00 -0.10 -0.14 -0.06 -0.12  0.00
-0.54  0.07 -30.0 0.17 -30.0 0.18  0.06  0.17  0.01 -30.0  0.26  0.09 -0.13  0.15  0.18  0.04 -0.06  0.00 -0.01 -0.09 -0.01
-0.63  0.30 -30.0 0.53 -30.0 0.14  0.12  0.16  0.13   0.16  0.45  0.06  0.08  0.07 -0.04 -0.05 -0.23  0.02 -0.03 -0.09  0.07
-0.23  0.06  0.28  0.19 -0.02  0.03  0.04  0.07  0.03   0.02  0.26  0.03 -0.11  0.01 -0.01 -0.04 -0.14 -0.04 -0.01 -0.10 -0.03
-0.54  0.25 -30.0 0.22 -30.0 0.09  0.09  0.07  0.09   0.14  0.28  0.07  0.06  0.04 -0.01 -0.02 -0.15 -0.02 -0.01 -0.08  0.07
-0.39  0.12 -30.0 0.35 -30.0 0.07  0.13  0.13  0.11   0.03 -30.0 0.14  0.10  0.10  0.12  0.04 -0.17  0.06  0.01 -0.12 -0.01
-0.24  0.09 -30.0 0.21 -30.0 -0.01  0.04  0.04  0.02   0.05  0.20  0.01  0.01  0.02 -0.02 -0.04 -0.20 -0.01 -0.05 -0.19  0.00
-0.66  0.30 -30.0 0.53 -30.0 0.10  0.14  0.17  0.14   0.27  0.29  0.10  0.12  0.07 -0.01 -0.01 -0.20  0.07  0.00 -0.09  0.13
-0.36  0.15  0.41  0.32  0.17  0.06  0.06  0.08  0.04   0.07  0.30  0.03  0.02  0.04 -0.04 -0.03 -0.13 -0.06 -0.02 -0.10  0.05
-0.48  0.26 -30.0 0.44 -30.0 0.08  0.11  0.09  0.10   0.18  0.32  0.07  0.14  0.07 -0.06 -0.04 -0.19  0.03 -0.01 -0.04  0.14
-0.12  0.11  0.20  0.22 -30.0 0.00 -0.11 -0.01  0.02   0.18  0.12 -0.01 -0.03 -0.02 -0.11  0.00 -0.14 -0.18 -0.04 -0.18  0.07
-0.18  0.20 -30.0 0.34 -30.0 0.05  0.08  0.10  0.08   0.21 -30.0 0.05 -0.04 -0.06  0.02  0.03 -0.09 -0.05  0.00 -0.07 -0.02
-0.27  0.20 -30.0 0.27 -30.0 0.05  0.00  0.04  0.04   0.17  0.15  0.01  0.04  0.01 -0.05 -0.03 -0.13 -0.04 -0.03 -0.03  0.05
-0.27  0.11 -30.0 0.31  0.01  0.09  0.03  0.03  0.05   0.12  0.34  0.00 -0.04  0.00 -0.06 -0.01 -0.18 -0.04 -0.04 -0.17  0.00
-0.36  0.08 -30.0 0.37 -30.0 0.05  0.03  0.03  0.08   0.07  0.33  0.08 -0.13  0.04  0.01 -0.02 -0.07 -0.04 -0.04 -0.17  0.03
-0.34  0.04 -30.0 0.18 -30.0 0.08  0.08  0.13  0.07   0.05  0.33  0.06 -0.09  0.03 -0.03 -0.03 -0.15 -0.06 -0.03 -0.09  0.03
-0.21  0.14 -30.0 0.33 -0.01  0.06  0.05  0.07  0.04   0.12  0.29  0.02  0.03 -0.01 -0.01 -0.03 -0.12 -0.06 -0.03 -0.05  0.04
-0.57  0.08 -30.0 0.36 -30.0 0.20  0.08  0.17  0.11   0.11  0.32  0.14 -0.04  0.08 -30.0 -0.01 -0.20  0.01 -0.02 -0.08  0.00
-0.39  0.18 -30.0 0.29 -30.0 0.02  0.04  0.09  0.00   0.05  0.17 -0.01 -0.01 -0.02 -0.09 -0.04 -0.16 -0.08 -0.04 -0.12  0.07
-0.14  0.17 -30.0 0.34 -30.0 0.16  0.01 -30.0 0.09   0.14  0.38  0.05 -0.19 -30.0 0.16  0.10 -0.10  0.02  0.01 -30.0 -0.10
-0.31  0.15 -30.0 0.24 -30.0 0.02  0.04  0.04  0.03   0.11  0.12 -0.01 -0.01 -0.03 -0.05 -0.02 -0.15 -0.05 -0.03 -0.11  0.07
-0.05  0.18  0.37  0.26 -30.0 0.04  0.07  0.12  0.07   0.20  0.10 -0.05  0.10 -0.04 -0.07 -0.01 -0.13 -0.03 -0.01 -0.05  0.04
-0.55  0.13 -30.0 0.37 -30.0 0.08  0.09  0.01  0.11   0.06 -30.0 0.11  0.01  0.07  0.03  0.00 -0.19 -0.06 -0.01 -0.20  0.03
-0.22  0.30 -30.0 0.50 -30.0 0.08  0.08 -0.03  0.11   0.26 -30.0 0.04 -0.10 -0.04 -0.10  0.01 -30.0 -0.03 -0.01 -0.11  0.00
-0.33  0.28 -30.0 0.43 -30.0 0.10  0.12  0.10  0.09   0.22  0.38  0.07  0.01  0.02 -0.09 -0.03 -0.17 -0.04 -0.02 -0.11  0.08
-0.16 -0.04 -0.02  0.18 -30.0 0.02  0.07  0.03  0.01  -0.06  0.40 -0.01 -0.07  0.02  0.01  0.00 -0.15 -0.07 -0.04 -0.16 -0.05
-0.39  0.13 -30.0 0.25 -30.0 0.02 -0.03  0.07 -0.02   0.06  0.16  0.00  0.02  0.02 -0.03 -0.08 -0.21 -0.11 -0.07 -0.16  0.02
-0.18  0.13  0.30  0.22 -0.02  0.06  0.05  0.09  0.04   0.16  0.17  0.04  0.08 -0.02 -0.06 -0.03 -0.05 -0.02 -0.01 -0.03  0.08
-0.27  0.03 -30.0 0.25 -30.0 -0.03  0.06  0.00  0.03   0.05  0.26  0.03 -0.06 -0.01 -0.01  0.00 -0.15 -0.06 -0.06 -0.20  0.02
-0.21  0.12  0.08  0.28  0.00  0.03  0.00  0.07  0.06   0.13  0.40  0.04  0.04  0.05 -0.03 -0.01 -0.10 -0.05 -0.04 -0.11  0.02
-0.06 -0.01 -30.0 0.29 -30.0 0.08  0.03 -30.0 -0.01   0.01  0.33  0.00 -0.15 -0.03  0.19 -30.0 -0.16 -30.0 -0.01 -0.21 -0.11
-0.30  0.03 -30.0 0.17 -30.0 0.10  0.16  0.12  0.08   0.01  0.36  0.09 -0.01  0.05  0.05 -0.02 -0.09  0.03  0.02  0.02 -0.04
-0.31  0.15 -30.0 0.30 -30.0 0.05  0.10  0.07  0.06   0.13  0.28  0.01  0.04  0.03 -0.05 -0.05 -0.18  0.00  0.00 -0.04  0.05
-0.54  0.15 -30.0 0.37 -30.0 0.12  0.12  0.08  0.08   0.10  0.43  0.05  0.04  0.10 -0.03 -0.02 -0.21  0.00 -0.03 -0.08  0.06
-0.51  0.32 -30.0 0.44 -30.0 0.17  0.09  0.13  0.09   0.31 -30.0 0.08  0.08  0.03 -0.08 -0.04 -30.0 0.04 -0.05 -0.11  0.15
-0.20  0.02  0.14  0.22 -0.02  0.02  0.02  0.08  0.03   0.02  0.37  0.06 -0.02  0.04  0.00 -0.02 -0.13 -0.05 -0.01 -0.12 -0.05
-0.31  0.39 -30.0 0.40  0.12  0.02  0.08  0.06  0.07   0.25  0.15  0.01  0.06 -0.03 -0.10 -0.02 -0.14 -0.03 -0.03  0.01  0.16
-0.16  0.07 -30.0 0.31 -0.09  0.07  0.04  0.10  0.06   0.15  0.32  0.06 -0.02  0.02  0.00 -0.01 -0.12 -0.04  0.00 -0.11  0.00
-0.24 -0.03 -30.0 0.09 -30.0 -0.06  0.01  0.05 -0.01  -0.02  0.13  0.06 -0.05  0.05 -0.02 -0.03 -0.21 -0.04 -0.05 -0.16 -0.06
-0.29  0.49 -30.0 0.38 -30.0 0.04  0.11  0.18  0.11   0.27  0.10  0.01  0.13  0.00 -0.07 -0.02 -0.12  0.02  0.00 -0.02  0.19
-0.04  0.12  0.20  0.25 -30.0 0.05  0.05  0.06  0.07  -0.04  0.26  0.04 -0.02  0.01  0.01  0.02 -0.08 -0.05 -0.02 -0.05 -0.01
-0.48  0.23 -30.0 0.34  0.16  0.07  0.11  0.08  0.07   0.14  0.35  0.04  0.00  0.06  0.01  0.00 -0.17 -0.02 -0.01 -0.04  0.09
-0.58  0.12 -30.0 0.34 -30.0 0.07  0.10  0.11  0.11   0.02 -30.0 0.13  0.07  0.14  0.01  0.00 -0.19  0.06  0.01 -0.09  0.05
-0.24  0.29  0.35  0.31  0.31  0.00  0.09  0.21  0.12   0.25  0.11  0.02  0.14  0.05 -0.05 -0.03 -0.14  0.00  0.01  0.01  0.16
-0.53  0.34 -30.0 0.43 -30.0 0.09  0.11  0.18  0.09   0.30  0.22  0.05  0.09  0.05 -0.02 -0.01 -0.14  0.01 -0.01 -0.01  0.12