[Thin/A] [Thick/A] [Halo/A] [Fe/H] [Mg/Fe] [Ca/Fe] [Ti/Fe] [Na/Fe] [Ni/Fe] [Y/Fe] [Ba/Fe] [La/Fe] [Eu/Fe]
 0.9  0.1  0.0    0.02    0.00   -0.06   -0.04   -0.03    0.03   -0.08    0.00   -30.0   -0.06
 0.2  0.8  0.0   -1.00    0.55    0.38    0.29    0.26    0.08   -0.06   -0.19   -30.0    0.34
 0.0  0.0  1.0   -1.96    0.25    0.26    0.20   -0.33   -0.08   -0.51   -0.19   -30.0   -30.0
 0.0  0.0  1.0   -1.32    0.27    0.33    0.31   -0.17   -0.05   -0.06    0.15   -30.0   -30.0
 0.0  0.7  0.3   -0.17    0.23    0.05    0.15    0.02    0.02   -0.05   -0.02   -30.0    0.20
 0.0  0.2  0.8   -2.92    0.76    0.59    0.41    0.39    0.01   -0.35   -0.93   -30.0   -30.0
 0.1  0.9  0.1   -0.98    0.47    0.28    0.34    0.07    0.08    0.04   -0.12   -30.0    0.51
 0.0  0.0  1.0   -1.58    0.26    0.27    0.24   -0.33   -0.09   -0.22    0.03   -30.0    0.65
 0.0  0.0  1.0   -1.04    0.45    0.37    0.12   -0.06    0.02   -0.21    0.08   -30.0    0.56
 0.0  0.0  1.0   -1.83    0.54    0.41    0.20   -0.06    0.01   -0.18   -0.03   -30.0    0.41
 0.6  0.4  0.0   -0.48    0.32    0.16    0.25   -0.01    0.06   -0.06   -0.07   -30.0   -30.0
 0.0  0.9  0.1   -1.14    0.41    0.25    0.20    0.07    0.05   -0.21   -0.04   -30.0   -30.0
 0.0  0.0  1.0   -0.98    0.42    0.28    0.30   -0.04    0.01    0.08    0.10   -30.0   -30.0
 0.6  0.4  0.0   -0.29    0.21    0.09    0.13    0.04    0.00    1.02    0.96   -30.0    0.30
 0.0  0.9  0.1   -1.71    0.50    0.38    0.41   -0.09   -0.05   -0.01    0.23   -30.0   -30.0
 0.1  0.8  0.1   -0.63    0.31    0.17    0.19    0.10    0.07   -0.23   -0.07   -30.0    0.11
 0.0  0.7  0.3   -0.77    0.36    0.25    0.31    0.11    0.06   -0.04   -0.01   -30.0    0.28
 0.1  0.9  0.0   -0.71    0.43    0.27    0.33    0.11    0.06    0.06   -0.09   -30.0    0.39
 0.0  0.1  0.9   -2.13    0.52    0.35    0.37   -0.05    0.05   -0.10   -0.14   -30.0   -30.0
 0.1  0.9  0.0   -0.30    0.23    0.13   -0.01    0.02    0.14   -0.20   -0.09   -30.0    0.03
 0.0  0.0  1.0   -1.74    0.61    0.41    0.32   -0.08    0.02   -0.08    0.03   -30.0    0.51
 0.9  0.1  0.0   -0.22    0.01    0.08   -30.0   -0.01    0.00   -30.0    0.36   -30.0   -30.0
 0.0  0.9  0.1   -0.91    0.41    0.26    0.32    0.08    0.02    0.05    0.11   -30.0   -30.0
 0.0  0.5  0.5   -1.10    0.46    0.29    0.36   -0.05    0.05    0.55    0.44   -30.0   -30.0
 0.0  0.2  0.8   -0.72    0.38    0.26    0.29    0.01   -0.01    0.24    0.05   -30.0    0.34
 0.0  0.0  1.0   -1.85    0.38    0.36    0.35    0.14    0.07    0.17    0.11   -30.0   -30.0
 0.0  0.0  1.0   -1.26    0.58    0.27    0.30   -0.05    0.02   -0.05    0.51   -30.0    0.39
 0.9  0.1  0.0   -0.62    0.20    0.18    0.25    0.17    0.06   -30.0   -0.07   -30.0   -30.0
 0.1  0.9  0.0   -1.73    0.45    0.29    0.30   -0.33   -0.05   -0.24   -0.05   -30.0    0.03
 0.0  0.0  1.0   -1.68    0.34    0.32    0.38    0.09    0.00    0.00    0.04   -30.0   -30.0
 0.9  0.1  0.0   -0.16    0.08    0.07    0.03   -0.01    0.04    0.04    0.16   -30.0   -30.0
 0.2  0.7  0.0   -0.91    0.31    0.26    0.28    0.04    0.09   -0.07   -0.17   -30.0   -30.0
 0.0  0.0  1.0   -1.76    0.34    0.39    0.63   -0.25   -0.05   -30.0   -0.30   -30.0   -30.0
 0.0  0.0  1.0   -1.88    0.71    0.36    0.32   -0.18   -0.09   -30.0    0.57   -30.0   -30.0
 0.8  0.2  0.0   -0.44    0.31    0.12    0.29   -0.02    0.04   -0.08   -0.02   -30.0    0.28
 0.5  0.5  0.0   -0.38    0.41    0.03    0.11    0.03   -0.01   -0.16   -0.15   -30.0    0.57
 0.0  0.9  0.1   -1.59    0.36    0.36   -30.0   -0.17    0.10   -30.0    0.00   -30.0   -30.0
 0.0  0.0  1.0   -2.84    0.58    0.47   -30.0   -0.20   -30.0   -30.0   -0.50   -30.0   -30.0
 0.0  0.0  1.0   -1.71    0.30    0.35    0.45   -0.25    0.11   -30.0    0.19   -30.0   -30.0
 0.7  0.3  0.0   -0.60    0.11    0.15    0.33    0.13    0.10   -30.0    1.29   -30.0   -30.0
 0.0  0.5  0.5   -0.94    0.46    0.30    0.24    0.30    0.10   -30.0   -0.24   -30.0   -30.0
 0.1  0.8  0.2   -0.62    0.04    0.02    0.14    0.02   -0.03   -0.03    0.20   -30.0   -30.0
 0.0  0.0  1.0   -2.17    0.54    0.38    0.18   -0.04   -0.04   -0.04    0.09   -30.0   -30.0
 0.0  0.1  0.9   -1.71    0.33    0.28    0.25   -0.08   -0.03   -30.0   -0.27   -30.0   -30.0
 0.0  0.0  1.0   -1.50    0.25    0.27    0.15   -0.22   -0.07   -30.0    0.00   -30.0   -30.0
 0.0  0.9  0.1   -0.89    0.33    0.23    0.24    0.08    0.06   -30.0   -0.07   -30.0   -30.0
 0.0  0.9  0.1   -0.80    0.21    0.16    0.02    0.14   -0.01   -30.0   -0.15   -30.0   -30.0
 0.2  0.7  0.0   -0.62    0.35    0.18    0.27    0.04    0.08   -0.15   -0.10   -30.0    0.23
 0.1  0.9  0.0   -0.64    0.22    0.11    0.01    0.03    0.08   -0.06    0.05   -30.0   -30.0
 0.0  0.0  1.0   -0.74    0.47    0.24    0.41    0.06   -30.0   -30.0   -0.18   -30.0   -30.0
 0.9  0.1  0.0   -0.40    0.10    0.07    0.20   -0.01    0.08   -30.0    0.05   -30.0    0.15
 0.9  0.1  0.0   -0.46    0.09    0.08    0.16    0.08    0.03   -0.05    0.13   -30.0    0.35
 0.0  0.8  0.2   -0.93    0.35    0.22    0.33    0.09    0.04   -0.04   -0.02   -30.0    0.31
 0.0  0.9  0.1   -0.88    0.31    0.20    0.27    0.10    0.05   -30.0    0.02   -30.0   -30.0
 0.0  0.0  1.0   -1.26    0.63    0.44    0.26    0.32    0.10    0.04   -0.02   -30.0    0.38
 0.0  0.0  1.0   -1.79    0.29    0.28    0.28   -0.13   -0.04   -0.03   -0.01   -30.0    0.06
 0.0  0.0  1.0   -1.81    0.43    0.40    0.27   -0.07    0.04   -30.0   -0.33   -30.0   -30.0
 0.2  0.8  0.0   -0.86    0.34    0.22    0.28    0.02    0.04    0.06   -0.11   -30.0    0.29
 0.0  0.0  1.0   -2.05   -0.08   -0.12   -0.20   -0.50   -0.02   -30.0   -1.87   -30.0   -1.04
 0.0  0.0  1.0   -1.70    0.42    0.37    0.35   -0.13   -0.03   -0.06   -0.03   -30.0   -30.0
 0.0  0.0  1.0   -2.08    0.26    0.45    0.20    0.23   -30.0   -30.0    0.04   -30.0   -30.0
 0.0  0.8  0.2   -0.91    0.39    0.31    0.31    0.08    0.05   -30.0   -0.02   -30.0   -30.0
 0.7  0.3  0.0   -0.58    0.17    0.11    0.08    0.06    0.02   -0.07    0.16   -30.0   -0.04
 0.0  0.0  1.0   -1.96    0.37    0.24    0.25   -30.0    0.12   -30.0    0.10   -30.0   -30.0
 0.0  0.0  1.0   -1.08    0.36    0.30    0.26   -0.15    0.05   -30.0    0.12   -30.0   -30.0
 0.7  0.3  0.0   -0.65    0.07    0.10   -30.0    0.19   -30.0   -30.0    0.03   -30.0   -30.0
 0.0  0.8  0.2   -1.46    0.54    0.27    0.29   -0.18    0.00   -30.0    0.16   -30.0   -30.0
 0.9  0.1  0.0   -0.08   -0.02    0.01    0.00   -0.07   -0.05    0.15    0.37   -30.0    0.01
 0.9  0.1  0.0   -0.05   -0.08   -0.02    0.13   -0.11   -0.02    0.08    0.13   -30.0    0.20
 0.0  0.0  1.0   -2.08    0.35    0.39    0.40   -0.10    0.03    0.03    0.00   -30.0   -30.0
 0.0  0.8  0.2   -1.95    0.45    0.39    0.41    0.16    0.10   -30.0    0.24   -30.0   -30.0
 0.5  0.4  0.0   -0.68    0.32    0.19    0.25   -30.0    0.04   -0.02    0.08   -30.0    0.46
 0.0  0.7  0.3   -3.01    0.49    0.42    0.25    0.03   -30.0   -30.0   -1.01   -30.0   -30.0
 0.0  0.0  1.0   -1.98    0.38    0.42    0.54   -0.15   -30.0   -30.0   -30.0   -30.0   -30.0
 0.0  0.6  0.4   -1.55    0.53    0.38    0.40    0.03    0.08    0.14    0.28   -30.0    0.33
 0.0  0.0  1.0   -1.17    0.21    0.19    0.22   -0.12   -0.07   -30.0   -0.08   -30.0   -30.0
 0.0  0.5  0.5   -0.90    0.40    0.30    0.44    0.19   -30.0   -30.0    0.05   -30.0   -30.0
 0.0  0.0  1.0   -1.10    0.19    0.26    0.17   -0.29   -0.10   -0.18    0.01   -30.0    0.48
 0.0  0.0  1.0   -1.78    0.45    0.23    0.29    0.13   -0.11    0.09    0.35   -30.0   -30.0
 0.0  0.0  1.0   -1.46    0.29    0.30    0.30   -0.33   -0.06   -0.06   -0.03   -30.0    0.72
 0.0  0.0  1.0   -0.94    0.18    0.20    0.20   -0.14   -0.10   -0.15    0.07   -30.0    0.32
 0.0  0.0  1.0   -0.65    0.31    0.18    0.32    0.04    0.03   -30.0    0.16   -30.0   -30.0
 0.0  0.0  1.0   -2.62    0.62    0.58    0.54    0.34   -30.0    0.03   -0.38   -30.0   -30.0
 0.0  0.6  0.4   -1.49    0.56    0.42    0.27    0.06    0.00   -30.0    0.13   -30.0   -30.0
 0.8  0.2  0.0   -0.75    0.27    0.17    0.28    0.08    0.00   -30.0    0.02   -30.0   -30.0
 0.0  0.9  0.1   -0.78    0.39    0.28    0.27    0.17    0.05   -0.15    0.05   -30.0    0.21
 0.4  0.6  0.0   -0.86    0.29    0.25    0.27    0.05    0.10   -30.0   -0.02   -30.0   -30.0
 0.0  0.0  1.0   -1.65    0.43    0.36    0.44    0.04    0.07    0.08    0.02   -30.0   -30.0
 0.0  0.6  0.4   -2.35    0.49    0.39    0.24    0.11   -30.0   -0.25   -0.02   -30.0   -30.0
 0.0  0.1  0.9   -2.44    0.56    0.42    0.29   -0.49    0.01   -0.18   -0.40   -30.0   -30.0
 0.0  0.0  1.0   -1.54    0.56    0.40    0.26    0.00    0.02    0.00    0.08   -30.0    0.26
 0.0  0.0  1.0   -1.26    0.50    0.33    0.27    0.00    0.05    0.12    0.22   -30.0    0.27
 0.8  0.2  0.0   -0.09    0.00    0.00    0.04   -0.08    0.00    0.02    0.15   -30.0   -0.06
 0.0  0.0  1.0   -0.74    0.47    0.27    0.29    0.15    0.09    0.04   -0.01   -30.0    0.39
 0.0  0.9  0.1   -0.82    0.43    0.20    0.24    0.17    0.05   -0.14   -0.02   -30.0    0.26
 0.8  0.2  0.0   -0.67    0.16    0.17    0.12    0.14    0.02   -0.03    0.25   -30.0    0.27
 0.0  0.4  0.6   -1.91    0.44    0.32    0.26   -0.15   -0.02   -0.25    0.04   -30.0    0.54
 0.1  0.9  0.0   -0.68    0.36    0.20    0.19    0.01    0.06   -0.16   -0.07   -30.0    0.25
 0.0  0.2  0.8   -0.97    0.49    0.34    0.25    0.16    0.08   -0.10   -0.06   -30.0    0.08
 0.1  0.9  0.1   -0.64    0.14    0.09    0.17   -0.02   -0.02   -0.18    0.06   -30.0    0.22
 0.0  0.0  1.0   -2.79    0.63    0.33    0.22    0.10    0.12   -0.44   -1.04   -30.0   -30.0
 0.9  0.1  0.0   -0.52    0.09    0.06    0.13    0.02    0.02   -0.07    0.05   -30.0    0.20
 0.0  0.0  1.0   -1.83    0.49    0.37    0.20   -0.13   -0.03   -0.30   -0.05   -30.0    0.40
 0.0  0.0  1.0   -2.41    0.51    0.39    0.29   -0.03   -0.05   -0.43   -0.60   -30.0   -30.0
 0.0  0.0  1.0   -2.99    0.72    0.41    0.33    0.42    0.09   -0.12   -0.16   -30.0   -30.0
 0.0  0.9  0.1   -1.25    0.31    0.31    0.31   -0.21   -0.02    0.14    0.19   -30.0   -30.0
 0.9  0.1  0.0   -0.40    0.12    0.08    0.04    0.10    0.00   -0.07    0.29   -30.0    0.28
 0.9  0.1  0.0   -0.49    0.07    0.07    0.06    0.01    0.00   -0.04    0.23   -30.0    0.11
 0.9  0.1  0.0   -0.37    0.10    0.07    0.11    0.09   -0.03    0.01    0.25   -30.0    0.16
 0.0  0.6  0.4   -2.48    0.42    0.37    0.52   -0.07   -30.0   -30.0   -0.32   -30.0   -30.0
 0.0  0.0  1.0   -1.59    0.56    0.34    0.29    0.00    0.06    0.10    0.22   -30.0   -30.0
 0.0  0.0  1.0   -1.37    0.27    0.17    0.23   -0.37   -0.14   -0.41    0.16   -30.0    0.69
 0.0  0.5  0.5   -0.78    0.34    0.21    0.29    0.13    0.00    0.07    0.01   -30.0    0.30
 0.0  0.9  0.1   -0.90    0.38    0.24    0.29    0.11    0.06   -0.04   -0.07   -30.0    0.50
 0.9  0.1  0.0   -0.83    0.34    0.20    0.26    0.04    0.05   -0.12   -0.02   -30.0    0.31
 0.0  0.0  1.0   -1.51    0.06    0.17    0.15   -0.62   -0.08   -0.44   -0.31   -30.0    0.40
 0.0  0.0  1.0   -1.57    0.07    0.15    0.18   -0.54   -0.10   -0.24   -0.27   -30.0    0.30
 0.0  0.0  1.0   -2.51    0.47    0.37    0.40    0.00    0.14   -30.0   -1.03   -30.0   -30.0
 0.0  0.0  1.0   -0.97    0.55    0.36    0.35    0.21    0.09    0.00    0.05   -30.0    0.24
 0.0  0.0  1.0   -1.48    0.41    0.38    0.36   -0.10    0.00    0.09    0.09   -30.0    0.44
 0.0  0.0  1.0   -0.83    0.40    0.25    0.31    0.20    0.09   -0.09   -0.02   -30.0    0.31
 0.0  0.0  1.0   -1.26    0.41    0.27    0.39   -0.11    0.00    0.37    0.06   -30.0    0.50
 0.0  0.9  0.1   -0.65    0.47    0.25    0.30    0.18    0.10   -0.01    0.01   -30.0    0.55
 0.9  0.1  0.0   -0.50    0.13    0.02   -0.01    0.01   -0.01   -0.14    0.11   -30.0   -0.04
 0.0  0.7  0.3   -0.64    0.43    0.27    0.30    0.14    0.12   -0.04   -0.01   -30.0    0.44
 0.0  0.9  0.1   -0.76    0.45    0.39    0.31    0.13    0.09    0.12    0.09   -30.0    0.27
 0.0  0.0  1.0   -2.70    0.55    0.40    0.23   -0.09   -0.04   -30.0   -0.53   -30.0   -30.0
 0.0  0.4  0.6   -0.82    0.39    0.28    0.34    0.14    0.04    0.00   -0.07   -30.0    0.37
 0.0  0.0  1.0   -0.64    0.33    0.17    0.20    0.08    0.01   -0.15   -0.07   -30.0    0.22
 0.0  0.0  1.0   -2.32    0.52    0.38    0.42   -30.0    0.07    0.07   -0.25   -30.0   -30.0
 0.0  0.0  1.0   -2.11    0.46    0.39    0.48    0.12    0.06   -30.0   -0.46   -30.0   -30.0
 0.0  0.0  1.0   -1.49    0.40    0.36    0.18   -0.21   -0.03   -0.23   -0.01   -30.0   -30.0
 0.0  0.6  0.4   -0.96    0.42    0.32    0.33    0.08    0.06   -0.03    0.00   -30.0    0.42
 0.7  0.3  0.0   -0.54    0.21    0.11    0.15    0.10    0.05   -0.13    0.06   -30.0    0.07
 0.0  0.0  1.0   -1.47    0.35    0.27    0.22   -0.11   -0.07   -0.20    0.03   -30.0    0.48
 0.8  0.2  0.0   -0.56    0.21    0.11    0.11    0.06    0.04   -0.10    0.16   -30.0    0.16
 0.0  0.2  0.8   -0.75    0.37    0.26    0.25    0.09    0.04    0.09    0.24   -30.0    0.37
 0.0  0.0  1.0   -1.26    0.48    0.38    0.27    0.12    0.02   -0.02   -0.02   -30.0    0.47
 0.0  0.2  0.8   -2.41    0.58    0.51    0.49    0.08    0.23    0.08   -0.16   -30.0   -30.0
 0.0  0.1  0.9   -0.58    0.38    0.21    0.32    0.19    0.06   -0.06    0.04   -30.0    0.29
 0.5  0.5  0.0   -0.48    0.23    0.13    0.12    0.08    0.05   -0.22    0.03   -30.0    0.10
 0.0  0.0  1.0   -1.71    0.57    0.44    0.35    0.01    0.01   -0.18    0.00   -30.0    0.27
 0.0  0.2  0.8   -1.67    0.26    0.27    0.28   -0.29    0.00   -0.05   -0.11   -30.0   -30.0
 0.0  0.5  0.5   -1.23    0.50    0.37    0.31   -0.12    0.07    0.14    0.23   -30.0    0.06
 0.0  0.3  0.7   -1.50    0.41    0.38    0.34   -0.15   -0.01    0.02    0.08   -30.0   -30.0
 0.0  0.9  0.1   -0.74    0.44    0.26    0.27    0.18    0.11   -0.15   -0.05   -30.0    0.41
 0.0  0.0  1.0   -1.17    0.18    0.21    0.20   -0.31   -0.12   -0.11   -0.02   -30.0    0.67
 0.0  0.0  1.0   -1.23    0.28    0.21    0.22   -0.07   -0.01   -0.17    0.04   -30.0   -30.0
 0.6  0.4  0.0   -0.65    0.20    0.13    0.14    0.13    0.01   -0.15    0.04   -30.0    0.09
 0.5  0.5  0.0   -0.66    0.44    0.26    0.31    0.19    0.12    0.02   -0.10   -30.0    0.29
 0.0  0.1  0.9   -1.81    0.29    0.23    0.24   -0.41   -0.04   -0.13    0.00   -30.0   -30.0
 0.0  0.6  0.4   -1.12    0.38    0.21    0.27    0.08    0.01   -0.07   -0.03   -30.0    0.24
 0.0  0.8  0.1   -0.96    0.50    0.44    0.31    0.23    0.05   -0.01    0.05   -30.0   -30.0
 0.0  0.7  0.3   -0.75    0.45    0.27    0.32    0.15    0.09   -0.07    0.04   -30.0   -30.0
 0.0  0.9  0.1   -0.64    0.40    0.32    0.24    0.21    0.14    0.08   -0.14   -30.0    0.63
 0.9  0.1  0.0   -0.63    0.27    0.14    0.12    0.17    0.06   -0.06    0.28   -30.0   -30.0
 0.0  0.0  1.0   -0.97    0.36    0.32    0.25    0.03    0.07    0.21   -0.10   -30.0   -30.0
 0.0  0.4  0.6   -1.34    0.50    0.23    0.29   -0.05   -0.08    0.04    0.01   -30.0    0.39
 0.0  0.0  1.0   -1.63    0.40    0.42    0.42    0.00   -0.10   -0.06    0.09   -30.0   -30.0
 0.0  0.0  1.0   -2.25    0.35    0.29    0.22   -0.50    0.06   -0.20   -0.48   -30.0    0.53
 0.0  0.9  0.1   -1.80    0.33    0.38    0.41    0.07    0.04    0.07   -0.03   -30.0   -30.0
 0.0  0.0  1.0   -1.54    0.29    0.33    0.28   -0.26    0.00   -0.16    0.00   -30.0   -30.0
 0.0  0.0  1.0   -1.77    0.33    0.43    0.38    0.10    0.09   -0.05    0.13   -30.0   -30.0
 0.0  0.8  0.2   -0.63    0.50    0.28    0.22    0.23    0.13   -0.07   -0.09   -30.0    0.42
 0.0  0.0  1.0   -2.19    0.46    0.38    0.25   -0.50    0.10   -0.28   -0.28   -30.0    0.62
 0.8  0.1  0.0   -0.82    0.31    0.18    0.14    0.26    0.07   -0.10    0.18   -30.0   -30.0
 0.0  0.5  0.5   -0.81    0.42    0.25    0.30    0.12    0.09   -0.08   -0.03   -30.0   -30.0
 0.0  0.0  1.0   -0.88    0.53    0.32    0.30    0.12    0.09   -0.02   -0.10   -30.0   -30.0
 0.0  0.0  1.0   -1.57    0.14    0.28    0.40   -0.38    0.00    0.09   -0.05   -30.0   -30.0
 0.0  0.0  1.0   -2.19    0.41    0.32    0.20   -30.0    0.21   -30.0   -0.14   -30.0   -30.0
 0.0  0.0  1.0   -1.72    0.18    0.15    0.09   -0.59   -0.16   -0.50   -0.08   -30.0   -30.0
 0.0  0.0  1.0   -1.75    0.28    0.29    0.13   -0.65   -0.14   -0.20    0.06   -30.0   -30.0
 0.0  0.0  1.0   -1.12    0.23    0.19    0.23   -0.30   -0.03   -0.07    0.11   -30.0   -30.0
 0.0  0.0  1.0   -1.12    0.08    0.18    0.17   -0.31   -0.07   -0.16    0.11   -30.0   -30.0
 0.0  0.0  1.0   -1.69    0.12    0.12    0.30   -0.56    0.15   -0.47    0.00   -30.0   -30.0
 0.0  0.0  1.0   -1.40    0.10    0.12    0.25   -0.46   -0.12    0.10    0.07   -30.0   -30.0
 0.0  0.0  1.0   -1.69    0.09    0.22    0.27   -0.72   -0.12   -0.02    0.12   -30.0   -30.0
 0.0  0.0  1.0   -1.82    0.11    0.17    0.20   -0.54   -0.15   -0.04   -0.06   -30.0   -30.0
 0.0  0.0  1.0   -1.58    0.27    0.20    0.27   -0.19   -0.07   -0.19   -0.15   -30.0   -30.0
 0.0  0.0  1.0   -1.19    0.23    0.30   -30.0   -0.30   -30.0   -30.0   -30.0   -30.0   -30.0
 0.0  0.5  0.5   -1.93    0.37    0.08   -30.0   -0.20   -30.0   -30.0   -30.0   -30.0   -30.0
 0.0  0.0  1.0   -1.29    0.06    0.26   -30.0   -0.20   -30.0   -30.0   -30.0   -30.0   -30.0
 0.0  0.0  1.0   -1.67    0.32    0.32   -30.0    0.20   -30.0   -30.0   -30.0   -30.0   -30.0
 0.0  0.0  1.0   -2.14    0.17    0.08   -30.0   -0.59   -30.0   -30.0   -30.0   -30.0   -30.0
 0.0  0.0  1.0   -1.97    0.08    0.13   -30.0   -0.50   -30.0   -30.0   -30.0   -30.0   -30.0
 0.0  0.0  1.0   -2.28    0.27    0.33   -30.0   -0.55   -30.0   -30.0   -30.0   -30.0   -30.0
 0.0  0.0  1.0   -1.57    0.44    0.30   -30.0   -0.10   -30.0   -30.0   -30.0   -30.0   -30.0
 0.0  0.0  1.0   -1.73    0.31    0.51   -30.0   -0.15   -30.0   -30.0   -30.0   -30.0   -30.0
 0.2  0.8  0.0   -1.17    0.33    0.16   -30.0    0.00   -30.0   -30.0   -30.0   -30.0   -30.0
 0.0  0.0  1.0   -2.93    0.38    0.03   -30.0    0.20   -30.0   -30.0   -30.0   -30.0   -30.0
 0.0  0.9  0.1   -1.83    0.39   -30.0   -30.0   -0.35   -30.0   -30.0   -30.0   -30.0   -30.0
 0.0  0.0  1.0   -2.25    0.32    0.34   -30.0    0.00   -30.0   -30.0   -30.0   -30.0   -30.0
 0.0  0.0  1.0   -1.99    0.44    0.17   -30.0   -30.0   -30.0   -30.0   -30.0   -30.0   -30.0
 0.0  0.0  1.0   -2.10    0.31    0.26   -30.0   -0.05   -30.0   -30.0   -30.0   -30.0   -30.0
 0.0  0.0  1.0   -2.19    0.32    0.47   -30.0   -0.24   -30.0   -30.0   -30.0   -30.0   -30.0
 0.3  0.7  0.0   -1.58    0.52    0.24   -30.0    0.20   -30.0   -30.0   -30.0   -30.0   -30.0
 0.0  0.0  1.0   -2.36    0.32   -30.0   -30.0    0.13   -30.0   -30.0   -30.0   -30.0   -30.0
 0.0  0.0  1.0   -1.16    0.09   -30.0   -30.0   -0.17   -30.0   -30.0   -30.0   -30.0   -30.0
 0.0  0.9  0.1   -0.88    0.24    0.17    0.16    0.08    0.01   -0.06   -0.14   -30.0   -30.0
 0.1  0.9  0.0   -0.76    0.26    0.17    0.17    0.08   -0.01   -0.02   -0.15   -30.0   -30.0
 0.0  0.8  0.1   -0.63    0.20    0.14    0.23    0.15    0.02   -0.11   -0.17   -30.0   -30.0
 0.3  0.7  0.0   -0.85    0.24    0.16    0.15    0.14   -0.01   -0.16   -0.17   -30.0   -30.0
 0.0  0.9  0.1   -1.08    0.21    0.14    0.21    0.01   -0.06   -0.03   -0.22   -30.0   -30.0
 0.0  0.7  0.3   -1.30    0.36    0.20    0.28    0.15    0.02   -0.01   -0.10   -30.0   -30.0
 0.9  0.1  0.0   -0.47    0.05    0.04    0.00    0.14   -0.02   -0.03   -0.08   -30.0   -30.0
 0.0  0.9  0.1   -1.04    0.28    0.22    0.21   -0.04    0.01   -0.01    0.04   -30.0   -30.0
 0.3  0.7  0.0   -0.93    0.30    0.16    0.20    0.10   -0.01   -0.07   -0.31   -30.0   -30.0
 0.0  0.0  1.0   -1.15    0.18    0.18    0.15   -0.24   -0.10   -0.17   -0.15   -30.0   -30.0
 0.0  0.0  1.0   -0.83    0.28    0.22    0.20    0.16    0.02    0.04    0.08   -30.0   -30.0
 0.0  0.0  1.0   -0.90    0.03    0.09    0.02   -0.26   -0.16   -0.27   -0.19   -30.0   -30.0
 0.0  0.0  1.0   -0.83    0.04    0.05    0.02   -0.34   -0.18   -0.17   -0.13   -30.0   -30.0
 0.0  0.0  1.0   -0.75    0.07    0.08    0.08   -0.10   -0.13   -0.03   -0.05   -30.0   -30.0
 0.0  0.0  1.0   -0.80    0.11    0.06    0.01   -0.04   -0.07   -0.19   -0.18   -30.0   -30.0
 0.0  0.0  1.0   -0.42    0.04    0.09    0.03    0.16   -0.01   -0.04    0.00   -30.0   -30.0
 0.0  0.0  1.0   -0.93    0.14    0.11    0.08    0.03   -0.06   -0.05   -0.18   -30.0   -30.0
 0.0  0.0  1.0   -0.91    0.14    0.11    0.07   -0.04   -0.08   -0.01   -0.18   -30.0   -30.0
 0.0  0.0  1.0   -0.65    0.23    0.21    0.20    0.12    0.02   -0.02   -0.19   -30.0   -30.0
 0.0  0.0  1.0   -0.70    0.26    0.19    0.20    0.14   -0.01    0.04   -0.17   -30.0   -30.0
 0.0  0.0  1.0   -1.26    0.36    0.21    0.19    0.14    0.18    0.39    0.40   -30.0   -30.0
 0.0  0.8  0.2   -1.02    0.35    0.25    0.28    0.09   -0.01   -30.0   -0.06   -30.0   -30.0
 0.0  0.8  0.2   -1.21    0.31    0.32    0.22    0.20    0.01   -0.06    0.02   -30.0   -30.0
 0.1  0.9  0.0   -0.39    0.25    0.15    0.21    0.10    0.02   -30.0   -0.03   -30.0   -30.0
 0.0  0.8  0.2   -0.63    0.24    0.17    0.19    0.07   -0.01    0.04   -0.04   -30.0    0.40
 0.0  0.9  0.0   -0.40    0.37    0.19    0.25    0.14    0.04   -30.0   -0.09   -30.0   -30.0
 0.0  0.8  0.2   -0.59    0.37    0.17    0.28    0.15    0.03   -30.0   -0.16   -30.0    0.34
 0.2  0.8  0.0   -0.56    0.27    0.17    0.27    0.11    0.03   -0.06   -0.12   -30.0    0.25
 0.0  0.9  0.1   -0.52    0.35    0.22    0.32    0.03    0.05    0.13   -0.10   -30.0   -30.0
 0.2  0.8  0.0   -0.40    0.19    0.11    0.14    0.04   -0.01   -0.05   -0.12   -30.0   -30.0
 0.0  0.9  0.0   -0.42    0.36    0.22    0.28    0.09    0.04   -0.10   -0.08   -30.0    0.42
 0.0  0.0  1.0   -2.74    0.43    0.35    0.31   -30.0    0.06   -30.0    0.22   -30.0   -30.0
 0.0  0.0  1.0   -2.55    0.27    0.30    0.15   -30.0    0.11   -30.0    0.16   -30.0   -30.0
 0.0  0.0  1.0   -1.12    0.29    0.27    0.27   -0.16   -0.04   -0.03    0.12   -30.0   -30.0
 0.0  0.0  1.0   -1.16    0.20    0.19    0.22   -0.21   -0.10   -0.14    0.15   -30.0   -30.0
 0.0  0.0  1.0   -2.35    0.21    0.34    0.24   -0.18   -0.07   -30.0   -0.04   -30.0   -30.0
 0.0  0.0  1.0   -1.76    0.40    0.33    0.30   -0.14    0.01   -0.14    0.01   -30.0   -30.0
 0.0  0.0  1.0   -2.32    0.38    0.25    0.23    0.55    0.00   -0.35   -0.14   -30.0   -30.0
 0.0  0.0  1.0   -1.64    0.18    0.22    0.17   -0.35   -0.13   -0.25   -0.15   -30.0   -30.0
 0.0  0.0  1.0   -0.71    0.07    0.01    0.08   -0.48   -0.13   -0.12    0.17   -30.0   -30.0
 0.0  0.0  1.0   -3.49    0.29    0.14    0.31   -30.0    0.45   -30.0   -0.37   -30.0   -30.0
 0.0  0.0  1.0   -1.97    0.33    0.31    0.27   -0.33   -0.04   -0.37   -0.25   -30.0   -30.0
 0.0  0.0  1.0   -1.64    0.54    0.33    0.42   -0.10    0.00    0.22    0.30   -30.0   -30.0
 0.0  0.0  1.0   -2.13    0.25    0.35    0.42   -30.0   -0.03   -30.0   -0.01   -30.0   -30.0
 0.0  0.0  1.0   -2.55    0.53    0.37    0.46   -30.0    0.10   -30.0   -0.42   -30.0   -30.0
 0.0  0.9  0.1   -1.76   -0.11   -0.19   -0.27   -30.0   -0.13   -30.0   -1.37   -30.0   -30.0
 0.0  0.0  1.0   -1.41    0.39    0.26    0.37   -0.19    0.10    0.23    0.17   -30.0   -30.0
 0.0  0.0  1.0   -1.12    0.32    0.23    0.22   -0.06   -0.07   -0.05    0.17   -30.0   -30.0
 0.0  0.0  1.0   -2.23    0.40    0.41    0.33   -30.0    0.06   -0.27   -0.50   -30.0   -30.0
 0.0  0.0  1.0   -3.60    0.62    0.68    0.24   -30.0   -0.11   -30.0   -30.0   -30.0   -30.0
 0.0  0.0  1.0   -3.45    0.63    0.61    0.50   -30.0   -0.28   -30.0   -0.20   -30.0   -30.0
 0.0  0.0  1.0   -2.18    0.27    0.49    0.44   -30.0    0.02   -0.07    0.02   -30.0   -30.0
 0.0  0.0  1.0   -3.28    0.47    0.44    0.51   -30.0   -0.10   -30.0   -0.49   -30.0   -30.0
 0.0  0.0  1.0   -2.50    0.42    0.34    0.36   -30.0    0.09   -30.0   -0.51   -30.0   -30.0
 0.0  0.0  1.0   -2.20    0.27    0.23    0.18   -30.0   -0.17   -30.0   -0.19   -30.0   -30.0
 0.0  0.0  1.0   -0.84    0.27    0.11    0.26   -0.14   -0.11   -0.07    0.13   -30.0   -30.0
 0.0  0.0  1.0   -1.47    0.49    0.31    0.29   -0.06   -0.09   -0.06    0.19   -30.0   -30.0
 0.0  0.0  1.0   -1.63    0.23    0.14    0.24   -0.63   -0.07   -0.24    0.14   -30.0   -30.0
 0.0  0.0  1.0   -1.44    0.13    0.28    0.20   -0.23   -0.11   -0.24   -0.09   -30.0   -30.0
 0.0  0.0  1.0   -2.14    0.36    0.36    0.28    0.20    0.02   -0.30   -0.09   -30.0   -30.0
 0.0  0.0  1.0   -1.96    0.29    0.30    0.21   -0.48   -0.03   -0.37    0.08   -30.0   -30.0
 0.0  0.0  1.0   -2.49    0.41    0.44    0.40   -0.23   -0.10   -30.0   -0.45   -30.0   -30.0
 0.0  0.0  1.0   -1.58    0.31    0.36    0.36   -0.20    0.04   -0.13    0.19   -30.0   -30.0
 0.0  0.0  1.0   -1.90    0.34    0.20    0.18   -0.23   -0.09   -0.24   -0.07   -30.0   -30.0
 0.0  0.0  1.0   -1.93    0.30    0.27    0.24   -0.30   -0.10   -0.36   -0.04   -30.0   -30.0
 0.0  0.0  1.0   -1.57    0.11    0.11    0.23   -0.54   -0.22   -0.23    0.00   -30.0   -30.0
 0.0  0.0  1.0   -1.39    0.33    0.26    0.26   -0.06    0.01   -0.18    0.02   -30.0   -30.0
 0.0  0.0  1.0   -1.45    0.21    0.20    0.19   -0.23   -0.17   -0.21   -0.08   -30.0   -30.0
 0.0  0.0  1.0   -1.47    0.15    0.11    0.09   -0.37   -0.19   -0.37   -0.07   -30.0   -30.0
 0.0  0.0  1.0   -2.12    0.37    0.31    0.25   -30.0    0.01   -30.0   -0.32   -30.0   -30.0
 0.0  0.0  1.0   -1.93   -0.19   -0.21    0.54   -0.28    0.48   -30.0   -0.72   -30.0   -30.0
 0.0  0.0  1.0   -1.91   -0.65   -0.24    0.60   -0.64    0.54   -30.0   -30.0   -30.0   -30.0
 0.0  0.0  1.0   -2.51    0.51    0.42    0.32    0.24   -0.11   -0.33   -0.42   -30.0    0.12
 0.0  0.0  1.0   -2.41    0.56    0.46    0.32    0.15   -0.24    0.02   -0.15   -30.0    0.52
 0.0  0.0  1.0   -2.58    0.44    0.44    0.29    0.22    0.04   -0.29   -0.16   -30.0    0.68
 0.0  0.0  1.0   -2.65    0.32    0.33    0.19   -0.22    0.07   -0.72   -0.74   -30.0   -0.09
 0.0  0.0  1.0   -2.08    0.42    0.29    0.34   -0.16    0.47   -0.27   -0.59   -30.0   -30.0
 0.0  0.0  1.0   -2.06    0.55    0.54    0.40    0.39   -0.21   -0.27    0.00   -30.0    0.37
 0.0  0.0  1.0   -2.58    0.63    0.37    0.32   -0.03    0.34   -0.17   -0.34   -30.0    0.48
 0.0  0.0  1.0   -2.82    0.33    0.45    0.32   -0.03   -0.05    0.57   -0.84   -30.0   -30.0
 0.0  0.0  1.0   -3.44    0.40    0.35    0.34   -0.10    0.83   -30.0   -30.0   -30.0   -30.0
 0.0  0.0  1.0   -2.88    0.40    0.48    0.25    0.14   -0.22   -0.42   -0.67   -30.0   -0.12
 0.0  0.0  1.0   -2.90    0.65    0.37    0.26    0.19   -0.23   -0.16   -1.42   -30.0   -30.0
 0.0  0.0  1.0   -2.88    0.52    0.49    0.34   -0.14    0.23   -0.47   -0.95   -30.0   -30.0
 0.0  0.0  1.0   -2.92    0.32    0.34    0.31   -0.11    0.18    0.29   -1.34   -30.0   -30.0
 0.0  0.0  1.0   -3.13    0.43    0.42    0.41   -0.09    0.23   -0.55   -0.87   -30.0   -30.0
 0.0  0.0  1.0   -3.49    0.49    0.68    0.13    0.20   -0.04   -30.0   -1.08   -30.0   -30.0
 0.0  0.0  1.0   -3.79    0.46    0.58    0.36   -0.11    0.83   -30.0   -30.0   -30.0   -30.0
 0.0  0.0  1.0   -3.20    0.34    0.33    0.28    0.33    0.24   -0.27   -0.91   -30.0   -30.0
 0.0  0.0  1.0   -3.04    0.32    0.42    0.25    0.11    0.14    0.34    0.93   -30.0    1.48
 0.0  0.0  1.0   -2.73    0.50    0.51    0.46    0.14   -0.04   -0.08    0.21   -30.0    0.97
 0.0  0.0  1.0   -3.35    0.28    0.38    0.37   -0.11    0.77   -0.05   -1.35   -30.0   -30.0
 0.0  0.0  1.0   -2.35    0.09    0.37    0.65    0.47    0.53   -30.0    2.48   -30.0    2.04
 0.0  0.0  1.0   -2.49    0.52    0.49    0.36    0.52    0.22    0.06    1.05   -30.0    0.73
 0.0  0.0  1.0   -3.03    0.29    0.33    0.27    0.28    0.05   -0.82   -1.02   -30.0   -30.0
 0.0  0.0  1.0   -3.99    1.20    0.90    0.53    2.16   -30.0   -30.0   -0.28   -30.0   -30.0
 0.0  0.0  1.0   -3.40    0.38    0.45    0.26   -0.27    0.26   -0.54   -1.34   -30.0   -30.0
 0.0  0.0  1.0   -3.17    0.22    0.35    0.36    0.08    0.24   -30.0   -30.0   -30.0   -30.0
 0.0  0.0  1.0   -3.40   -0.18    0.34    0.08   -30.0    0.01   -30.0   -1.57   -30.0   -30.0
 0.0  0.0  1.0   -2.82    0.27    0.31    0.13   -0.23    0.47    0.22    0.00   -30.0    0.72
 0.0  0.0  1.0   -3.41   -0.06    0.10    0.15   -0.35    0.33   -30.0   -30.0   -30.0   -30.0
 0.0  0.0  1.0   -4.01    0.38    0.58    0.48   -0.10   -0.12   -30.0   -0.97   -30.0   -30.0
 0.0  0.0  1.0   -3.57    0.49    0.03    0.24   -30.0    0.09   -30.0   -1.17   -30.0   -30.0
 0.0  0.0  1.0   -2.77    0.48    0.19    0.10   -30.0   -0.28   -30.0   -30.0   -30.0   -30.0
 0.0  0.0  1.0   -3.01    0.49    0.47    0.33   -30.0   -0.10   -30.0   -0.63   -30.0   -30.0
 0.0  0.0  1.0   -3.22    0.65    0.01    0.18   -30.0    0.50   -30.0   -30.0   -30.0   -30.0
 0.0  0.0  1.0   -2.92    0.43    0.34    0.26   -30.0    0.11   -30.0   -30.0   -30.0   -30.0
 0.0  0.0  1.0   -2.71    0.26    0.38    0.50   -30.0   -0.09   -30.0   -0.19   -30.0   -30.0
 0.0  0.0  1.0   -3.08    0.48    0.27    0.66   -30.0    0.05   -30.0   -30.0   -30.0   -30.0
 0.0  0.0  1.0   -3.36    0.76    0.24    0.76   -30.0    0.19   -30.0   -30.0   -30.0   -30.0
 0.0  0.0  1.0   -2.94    0.40    0.29    0.32   -30.0    0.13   -30.0   -30.0   -30.0   -30.0
 0.0  0.0  1.0   -2.74    0.14    0.23    0.51   -30.0   -0.14   -30.0   -30.0   -30.0   -30.0
 0.0  0.0  1.0   -2.63    0.18    0.25    0.55   -30.0    0.23   -30.0   -30.0   -30.0   -30.0
 0.0  0.0  1.0   -3.43   -30.0    0.55   -30.0   -30.0   -30.0   -30.0   -30.0   -30.0   -30.0
 0.0  0.0  1.0   -2.69    0.62    0.03    0.25   -30.0    0.28   -30.0   -30.0   -30.0   -30.0
 0.0  0.0  1.0   -3.85    0.69    0.10   -30.0   -30.0    0.21   -30.0   -30.0   -30.0   -30.0
 0.0  0.0  1.0   -2.36   -30.0   -30.0   -30.0   -30.0   -30.0   -0.40   -0.21   -0.10    0.33
 0.0  0.0  1.0   -3.14   -30.0   -30.0   -30.0   -30.0   -30.0   -0.10   -0.18    0.24    0.77
 0.0  0.0  1.0   -2.31   -30.0   -30.0   -30.0   -30.0   -30.0   -0.31   -0.34   -0.16    0.44
 0.0  0.0  1.0   -2.18   -30.0   -30.0   -30.0   -30.0   -30.0   -0.49   -0.51   -0.41   -30.0
 0.0  0.0  1.0   -2.76   -30.0   -30.0   -30.0   -30.0   -30.0   -0.63   -0.55   -0.32    0.00
 0.0  0.0  1.0   -2.48   -30.0   -30.0   -30.0   -30.0   -30.0   -0.33   -0.03   -0.13    0.25
 0.0  0.0  1.0   -2.48   -30.0   -30.0   -30.0   -30.0   -30.0   -0.33   -0.03   -1.01   -0.68
 0.0  0.0  1.0   -2.73   -30.0   -30.0   -30.0   -30.0   -30.0   -0.38   -0.45   -0.12    0.20
 0.0  0.0  1.0   -2.11   -30.0   -30.0   -30.0   -30.0   -30.0   -0.28   -0.18   -0.07    0.40
 0.0  0.0  1.0   -2.28   -30.0   -30.0   -30.0   -30.0   -30.0   -0.19   -0.07   -0.03    0.10
 0.0  0.0  1.0   -2.07   -30.0   -30.0   -30.0   -30.0   -30.0   -0.33   -0.12   -0.13    0.20
 0.0  0.0  1.0   -2.10   -30.0   -30.0   -30.0   -30.0   -30.0   -0.04    0.39    0.35    0.75
 0.0  0.0  1.0   -1.73   -30.0   -30.0   -30.0   -30.0   -30.0   -0.13    0.14    0.09    0.38
 0.0  0.0  1.0   -1.39   -30.0   -30.0   -30.0   -30.0   -30.0   -0.05    0.58    0.39    0.77
 0.0  0.0  1.0   -1.56   -30.0   -30.0   -30.0   -30.0   -30.0   -0.14   -0.06   -0.06    0.32
 0.0  0.0  1.0   -2.36   -30.0   -30.0   -30.0   -30.0   -30.0   -0.31   -0.49    0.09    0.24
 0.0  0.0  1.0   -1.90   -30.0   -30.0   -30.0   -30.0   -30.0    0.88    0.30    0.27    0.58
 0.0  0.0  1.0   -0.91   -30.0   -30.0   -30.0   -30.0   -30.0   -0.13   -0.07   -0.47   -0.15
 0.0  0.0  1.0   -1.58   -30.0   -30.0   -30.0   -30.0   -30.0    0.00    0.05   -0.17    0.35
 0.0  0.0  1.0   -1.65   -30.0   -30.0   -30.0   -30.0   -30.0   -0.03    0.11   -0.20    0.30
 0.0  0.0  1.0   -1.54   -30.0   -30.0   -30.0   -30.0   -30.0   -0.10    0.06    0.12    0.40
 0.0  0.0  1.0   -1.99   -30.0   -30.0   -30.0   -30.0   -30.0   -0.07    0.07    0.35    0.65
 0.0  0.0  1.0   -2.10   -30.0   -30.0   -30.0   -30.0   -30.0   -0.03    0.15    0.13    0.29
 0.0  0.0  1.0   -1.17   -30.0   -30.0   -30.0   -30.0   -30.0   -0.23    0.14   -0.17    0.06
 0.0  0.0  1.0   -1.65   -30.0   -30.0   -30.0   -30.0   -30.0   -0.14    0.37    0.11    0.47
 0.0  0.0  1.0   -2.72   -30.0   -30.0   -30.0   -30.0   -30.0   -0.10   -0.50   -0.30    0.21
 0.0  0.0  1.0   -1.30   -30.0   -30.0   -30.0   -30.0   -30.0    0.31    0.53    0.36    0.10
 0.0  0.0  1.0   -1.84   -30.0   -30.0   -30.0   -30.0   -30.0   -0.12    0.36    0.27    0.46
 0.0  0.0  1.0   -2.58   -30.0   -30.0   -30.0   -30.0   -30.0   -30.0   -30.0   -0.04    0.57
 0.0  0.0  1.0   -2.36   -30.0   -30.0   -30.0   -30.0   -30.0   -30.0   -30.0    0.21    0.52
 0.0  0.0  1.0   -2.26   -30.0   -30.0   -30.0   -30.0   -30.0   -30.0   -30.0   -0.10   -0.38
 0.0  0.0  1.0   -2.23   -30.0   -30.0   -30.0   -30.0   -30.0   -30.0   -30.0   -0.22   -0.06
 0.0  0.0  1.0   -2.07    0.19    0.22    0.22   -0.04   -0.03   -30.0    0.15   -30.0   -30.0
 0.0  0.0  1.0   -2.35    0.08    0.11    0.29    0.12   -0.03   -30.0   -30.0   -30.0   -30.0
 0.0  0.0  1.0   -2.80    0.28    0.32    0.76    0.57   -30.0   -30.0   -30.0   -30.0   -30.0
 0.0  0.0  1.0   -0.94   -30.0    0.20    0.06   -30.0   -0.04   -0.17   -0.02   -30.0    0.14
 0.0  0.0  1.0   -0.29   -30.0    0.15   -0.10   -30.0    0.01   -0.03   -0.12   -30.0   -0.20
 0.0  0.0  1.0   -1.15   -30.0    0.37    0.19   -30.0    0.03   -0.08   -0.13   -30.0    0.38
 0.0  0.0  1.0   -0.50   -30.0    0.18    0.04   -30.0   -0.03   -0.10    0.06   -30.0    0.02
 0.0  0.0  1.0   -0.35   -30.0    0.17    0.09   -30.0    0.06   -0.05   -0.16   -30.0    0.00
 0.0  0.0  1.0   -0.31   -30.0   -30.0   -0.01   -30.0    0.07    0.02   -0.09   -30.0    0.06
 0.0  0.0  1.0   -0.53   -30.0   -30.0    0.06   -30.0    0.04    0.08   -0.05   -30.0    0.15
 0.0  0.0  1.0   -1.74   -30.0    0.25    0.12   -30.0   -0.09   -0.22   -0.11   -30.0    0.17
 0.0  0.0  1.0   -1.92   -30.0    0.33    0.15   -30.0   -0.13   -0.20    0.08   -30.0    0.39
 0.0  0.0  1.0   -2.66   -30.0    0.23   -0.16   -30.0   -0.39   -0.80   -0.81   -30.0    0.05
 0.7  0.3  0.0    0.03    0.09    0.07    0.03    0.09   -0.03   -30.0   -30.0   -30.0   -30.0
 0.8  0.2  0.0    0.03    0.03    0.01    0.03   -0.03    0.02   -30.0   -30.0   -30.0   -30.0
 0.9  0.1  0.0    0.03   -0.02    0.07    0.01   -0.12   -0.07   -30.0   -30.0   -30.0   -30.0
 0.9  0.1  0.0    0.03    0.06    0.03    0.02    0.11   -0.06   -30.0   -30.0   -30.0   -30.0
 0.9  0.1  0.0    0.04    0.02    0.03   -0.01    0.01   -0.02   -30.0   -30.0   -30.0   -30.0
 0.9  0.1  0.0    0.05   -0.04    0.07    0.01   -0.11   -0.06   -30.0   -30.0   -30.0   -30.0
 0.9  0.1  0.0   -0.06   -0.02    0.05   -0.03   -0.08   -0.07   -30.0   -30.0   -30.0   -30.0
 0.8  0.2  0.0    0.06    0.11    0.09    0.04    0.08   -0.04   -30.0   -30.0   -30.0   -30.0
 0.6  0.4  0.0    0.06    0.11    0.09    0.04    0.08   -0.06   -30.0   -30.0   -30.0   -30.0
 0.7  0.3  0.0    0.09   -0.02    0.03   -0.02   -0.11   -0.10   -30.0   -30.0   -30.0   -30.0
 0.7  0.3  0.0    0.10    0.01    0.01    0.01    0.04    0.06   -30.0   -30.0   -30.0   -30.0
 0.9  0.1  0.0    0.12    0.05    0.07    0.00    0.08   -0.01   -30.0   -30.0   -30.0   -30.0
 0.8  0.2  0.0    0.12    0.08    0.07    0.04    0.09    0.02   -30.0   -30.0   -30.0   -30.0
 0.7  0.2  0.0    0.12    0.14    0.12    0.04    0.07   -0.04   -30.0   -30.0   -30.0   -30.0
 0.8  0.2  0.0    0.13    0.08    0.05    0.02    0.09   -0.02   -30.0   -30.0   -30.0   -30.0
 0.8  0.2  0.0    0.14    0.01    0.09    0.00   -0.01   -0.02   -30.0   -30.0   -30.0   -30.0
 0.8  0.2  0.0    0.14    0.03    0.07    0.01   -0.04    0.00   -30.0   -30.0   -30.0   -30.0
 0.8  0.1  0.0    0.16    0.01    0.02   -0.06    0.00   -0.05   -30.0   -30.0   -30.0   -30.0
 0.9  0.1  0.0   -0.17    0.09    0.12    0.09    0.04   -0.07   -30.0   -30.0   -30.0   -30.0
 0.8  0.2  0.0    0.19    0.06   -0.01   -0.03    0.10    0.03   -30.0   -30.0   -30.0   -30.0
 0.8  0.2  0.0    0.19    0.10    0.04    0.01    0.20    0.03   -30.0   -30.0   -30.0   -30.0
 0.7  0.3  0.0    0.20    0.11    0.02   -0.03    0.15    0.04   -30.0   -30.0   -30.0   -30.0
 0.7  0.3  0.0    0.20    0.00    0.02    0.03    0.11    0.06   -30.0   -30.0   -30.0   -30.0
 0.4  0.6  0.0    0.22    0.10   -0.01    0.08    0.06    0.04   -30.0   -30.0   -30.0   -30.0
 0.7  0.3  0.0   -0.22    0.05    0.03    0.02   -0.05   -0.04   -30.0   -30.0   -30.0   -30.0
 0.9  0.1  0.0    0.22    0.06    0.08    0.04    0.11    0.05   -30.0   -30.0   -30.0   -30.0
 0.8  0.2  0.0    0.23    0.10    0.03   -0.01    0.24    0.09   -30.0   -30.0   -30.0   -30.0
 0.9  0.1  0.0   -0.24    0.03    0.04    0.06   -0.02   -0.02   -30.0   -30.0   -30.0   -30.0
 0.9  0.1  0.0    0.24    0.00   -0.04    0.08    0.02    0.07   -30.0   -30.0   -30.0   -30.0
 0.7  0.3  0.0    0.25    0.11    0.05   -0.02    0.20    0.08   -30.0   -30.0   -30.0   -30.0
 0.8  0.2  0.0    1.00   -30.0   -30.0   -30.0   -30.0    8.00   -30.0   -30.0   -30.0   -30.0
 0.8  0.2  0.0    0.27    0.04    0.04   -0.01    0.13    0.08   -30.0   -30.0   -30.0   -30.0
 0.9  0.1  0.0   -0.30    0.11    0.05    0.07    0.12   -0.06   -30.0   -30.0   -30.0   -30.0
 0.8  0.2  0.0   -0.31    0.09    0.10    0.08    0.02   -0.06   -30.0   -30.0   -30.0   -30.0
 0.9  0.1  0.0    0.32    0.02   -0.02    0.05    0.09    0.08   -30.0   -30.0   -30.0   -30.0
 0.7  0.3  0.0    0.33    0.05    0.02    0.03    0.08    0.07   -30.0   -30.0   -30.0   -30.0
 0.8  0.2  0.0    0.35    0.06   -0.04    0.02    0.11    0.07   -30.0   -30.0   -30.0   -30.0
 0.8  0.2  0.0    0.37    0.00   -0.03    0.02    0.07    0.07   -30.0   -30.0   -30.0   -30.0
 0.9  0.1  0.0   -0.39    0.05    0.02    0.01    0.06   -0.06   -30.0   -30.0   -30.0   -30.0
 0.8  0.2  0.0   -0.40    0.17    0.10    0.11    0.15    0.01   -30.0   -30.0   -30.0   -30.0
 0.3  0.7  0.0   -0.45    0.18    0.13    0.11    0.12   -0.02   -30.0   -30.0   -30.0   -30.0
 0.9  0.1  0.0   -0.47    0.07    0.02    0.10   -0.02   -0.01   -30.0   -30.0   -30.0   -30.0
 0.7  0.2  0.0   -0.48    0.12    0.05    0.10   -0.02   -0.01   -30.0   -30.0   -30.0   -30.0
 0.8  0.2  0.0   -0.62    0.23    0.15    0.18    0.18    0.02   -30.0   -30.0   -30.0   -30.0
 0.8  0.2  0.0   -0.73    0.22    0.10    0.08    0.19   -0.01   -30.0   -30.0   -30.0   -30.0
 0.0  0.9  0.1   -0.01    0.07    0.03    0.05   -0.05   -0.03   -30.0   -30.0   -30.0   -30.0
 0.0  0.7  0.3   -0.02   -0.05    0.00    0.00   -0.10   -0.04   -30.0   -30.0   -30.0   -30.0
 0.0  0.9  0.1   -0.08    0.13    0.05    0.06   -0.01   -0.02   -30.0   -30.0   -30.0   -30.0
 0.0  0.7  0.3   -0.11    0.14    0.09    0.11    0.01   -0.01   -30.0   -30.0   -30.0   -30.0
 0.0  0.9  0.1   -0.13    0.14    0.06    0.03    0.02   -0.03   -30.0   -30.0   -30.0   -30.0
 0.0  0.9  0.1   -0.20    0.19    0.07    0.17    0.06    0.03   -30.0   -30.0   -30.0   -30.0
 0.1  0.9  0.0    0.25    0.06   -0.01    0.09    0.02    0.06   -30.0   -30.0   -30.0   -30.0
 0.1  0.9  0.0   -0.30    0.24    0.12    0.18    0.06    0.02   -30.0   -30.0   -30.0   -30.0
 0.0  0.9  0.1    0.30   -0.02   -0.08    0.12   -0.08    0.09   -30.0   -30.0   -30.0   -30.0
 0.0  0.8  0.2   -0.33    0.24    0.14    0.21    0.05    0.02   -30.0   -30.0   -30.0   -30.0
 0.0  0.9  0.1   -0.34    0.24    0.12    0.18    0.06    0.00   -30.0   -30.0   -30.0   -30.0
 0.0  0.9  0.1   -0.38    0.32    0.20    0.22    0.10    0.03   -30.0   -30.0   -30.0   -30.0
 0.0  0.9  0.1   -0.38    0.07    0.07    0.08    0.06   -0.02   -30.0   -30.0   -30.0   -30.0
 0.0  0.6  0.4   -0.42    0.35    0.22    0.33    0.18    0.05   -30.0   -30.0   -30.0   -30.0
 0.0  0.9  0.1   -0.46    0.30    0.15    0.17    0.08    0.01   -30.0   -30.0   -30.0   -30.0
 0.0  0.9  0.1   -0.57    0.35    0.21    0.23    0.11    0.06   -30.0   -30.0   -30.0   -30.0
 0.0  0.8  0.2   -0.57    0.35    0.22    0.23    0.05    0.01   -30.0   -30.0   -30.0   -30.0
 0.0  0.9  0.1   -0.59    0.31    0.24    0.28    0.16    0.02   -30.0   -30.0   -30.0   -30.0
 0.0  0.9  0.0   -0.59    0.37    0.28    0.32    0.08    0.06   -30.0   -30.0   -30.0   -30.0
 0.0  0.8  0.2   -0.65    0.30    0.17    0.21    0.06    0.01   -30.0   -30.0   -30.0   -30.0
 0.0  0.8  0.2   -0.84    0.40    0.26    0.30    0.09    0.01   -30.0   -30.0   -30.0   -30.0
 0.8  0.2  0.0   -0.35    0.23    0.10    0.19    0.10    0.15   -0.05   -0.22   -30.0   -30.0
 0.8  0.2  0.0   -0.38    0.15    0.03    0.09    0.08    0.03   -0.07   -0.26   -30.0    0.12
 0.9  0.1  0.0   -0.10   -0.05    0.03    0.07    0.04    0.01    0.08   -0.10   -30.0    0.02
 0.5  0.4  0.0   -0.37    0.20    0.05    0.04    0.13    0.12    0.50    0.35   -30.0    0.15
 0.5  0.5  0.0    0.05   -0.01   -0.06   -0.02   -0.11   -0.06   -0.02   -0.18   -30.0   -0.16
 0.7  0.3  0.0   -0.25    0.14    0.08    0.12    0.06    0.05   -30.0    0.13   -30.0   -30.0
 0.7  0.3  0.0   -0.28    0.09    0.03   -0.02   -0.02   -0.01   -0.23   -0.33   -30.0   -30.0
 0.8  0.2  0.0   -0.31    0.16    0.06    0.11    0.01    0.03   -0.01   -0.17   -30.0   -30.0
 0.8  0.2  0.0   -0.15    0.07    0.01    0.15   -0.01    0.01   -0.07   -0.08   -30.0    0.04
 0.9  0.1  0.0    0.00    0.12    0.05    0.12    0.02    0.05   -0.11   -0.32   -30.0   -30.0
 0.9  0.1  0.0   -0.21    0.18   -0.02    0.01    0.00    0.02   -30.0   -0.13   -30.0   -30.0
 0.9  0.1  0.0   -0.32    0.08    0.08    0.13    0.10    0.01   -0.08   -0.12   -30.0    0.15
 0.9  0.1  0.0   -0.24    0.09   -0.06    0.09    0.10    0.09    0.17   -0.02   -30.0    0.18
 0.7  0.3  0.0    0.12    0.04   -0.01   -0.01    0.06    0.00   -0.13   -0.34   -30.0   -0.11
 0.6  0.4  0.0    0.09    0.21   -0.05    0.03    0.15    0.00   -30.0   -0.47   -30.0   -30.0
 0.7  0.3  0.0    0.09    0.16    0.00    0.03    0.02    0.00   -30.0   -0.24   -30.0   -30.0
 0.5  0.4  0.0   -0.02    0.11    0.01    0.19    0.10    0.07   -0.05   -0.24   -30.0   -30.0
 0.8  0.2  0.0   -0.34    0.06    0.08    0.16    0.08   -0.02    0.15   -0.14   -30.0    0.13
 0.8  0.2  0.0   -0.32    0.13    0.07    0.32    0.07    0.04    0.06    0.03   -30.0    0.13
 0.8  0.2  0.0    0.06   -30.0   -0.01    0.00    0.13    0.07   -0.06   -0.43   -30.0   -0.07
 0.9  0.1  0.0   -0.22    0.09    0.01    0.03    0.06    0.02   -0.12   -0.28   -30.0   -30.0
 0.8  0.2  0.0   -0.25    0.10    0.06    0.16    0.02    0.02    0.13   -0.08   -30.0    0.06
 0.9  0.1  0.0    0.02    0.00    0.06    0.00   -0.04   -0.04    0.06    0.01   -30.0   -30.0
 0.9  0.1  0.0   -0.02    0.03    0.01   -0.13   -0.06    0.03    0.03   -0.17   -30.0   -30.0
 0.8  0.2  0.0    0.09    0.12    0.02   -0.01    0.17    0.06   -0.02   -0.26   -30.0   -30.0
 0.2  0.8  0.0   -0.23    0.12    0.03    0.08    0.01   -0.02   -0.14   -0.27   -30.0    0.05
 0.7  0.3  0.0   -0.11   -0.06    0.02   -0.07   -0.06    0.12    0.29   -0.03   -30.0    0.03
 0.5  0.5  0.0   -0.11    0.09    0.00    0.01    0.06    0.03   -0.05   -0.25   -30.0    0.06
 0.6  0.4  0.0    0.09    0.08    0.02    0.00    0.02    0.05    0.14   -0.14   -30.0   -0.02
 0.7  0.3  0.0    0.04    0.13   -0.05    0.11    0.05    0.06   -30.0   -0.14   -30.0    0.05
 0.6  0.4  0.0   -0.18    0.08    0.03    0.02    0.06   -0.02   -0.17   -0.38   -30.0   -30.0
 0.7  0.3  0.0    0.06   -30.0   -0.07   -0.04    0.05    0.03   -0.15   -0.35   -30.0   -30.0
 0.0  0.9  0.1    0.14    0.20    0.04    0.01    0.06    0.03   -30.0   -0.34   -30.0    0.01
 0.7  0.2  0.0   -0.33    0.34    0.02    0.23    0.05    0.06   -0.19   -0.14   -30.0   -0.01
 0.9  0.1  0.0   -0.30    0.16    0.07    0.19    0.04    0.11    0.05   -0.12   -30.0    0.17
 0.8  0.2  0.0    0.26    0.06    0.05   -0.03    0.11    0.20   -30.0   -0.24   -30.0   -0.07
 0.2  0.7  0.0   -0.03    0.13   -0.01    0.05    0.07    0.02   -0.29   -0.38   -30.0   -30.0
 0.8  0.2  0.0    0.00    0.04    0.04   -0.04   -0.03   -0.04   -30.0    0.04   -30.0   -30.0
 0.9  0.1  0.0   -0.07    0.01    0.03    0.05   -0.02   -0.03   -0.02   -0.10   -30.0    0.07
 0.9  0.1  0.0   -0.02   -0.02    0.03    0.01   -0.11   -0.07    0.33    0.09   -30.0   -30.0
 0.6  0.4  0.0   -0.24    0.10    0.06    0.15    0.04    0.05   -0.17   -0.36   -30.0   -30.0
 0.7  0.3  0.0    0.04   -0.05   -0.01   -0.01    0.07    0.08    0.12   -0.18   -30.0   -30.0
 0.7  0.3  0.0   -0.17    0.11    0.03    0.12    0.01    0.07    0.09   -0.12   -30.0    0.21
 0.8  0.2  0.0    0.13    0.08    0.01   -0.02    0.16    0.01    0.25   -0.13   -30.0   -0.05
 0.9  0.1  0.0   -0.37    0.11    0.09    0.06    0.03   -0.05   -0.20   -0.30   -30.0   -30.0
 0.8  0.2  0.0   -0.43   -30.0    0.04   -30.0    0.12    0.02    0.13    0.00   -30.0    0.06
 0.8  0.2  0.0   -0.20    0.06    0.01    0.04    0.04   -0.01   -0.01   -0.14   -30.0    0.16
 0.9  0.1  0.0   -0.56    0.24   -0.01    0.26    0.02    0.05    0.07   -0.36   -30.0   -30.0
 0.5  0.5  0.0   -0.28    0.12    0.01    0.13   -0.07   -0.02   -0.08   -0.15   -30.0   -30.0
 0.7  0.3  0.0   -0.55    0.23    0.07    0.20    0.11    0.02   -0.14   -0.24   -30.0    0.19
 0.3  0.7  0.0   -0.75    0.29    0.17    0.21    0.03    0.03    0.01   -0.23   -30.0    0.31
 0.4  0.6  0.0   -0.18    0.09    0.02    0.04    0.02   -0.04    0.17    0.10   -30.0    0.15
 0.8  0.2  0.0   -0.02    0.09   -0.02    0.14    0.06    0.04    0.06   -0.26   -30.0   -0.04
 0.0  0.9  0.1   -0.78    0.38    0.26    0.14    0.18   -0.03    0.01   -0.24   -30.0    0.40
 0.8  0.2  0.0    0.04    0.11   -0.01    0.03    0.13    0.11    0.08   -0.19   -30.0   -30.0
 0.6  0.4  0.0   -0.26    0.18    0.08    0.13    0.09    0.04   -0.10   -0.25   -30.0    0.18
 0.5  0.4  0.0   -0.26   -30.0    0.03    0.14    0.07   -0.01    0.01   -0.08   -30.0   -30.0
 0.8  0.2  0.0    0.07   -0.01    0.02    0.02    0.02    0.05   -0.06   -0.18   -30.0   -30.0
 0.7  0.3  0.0    0.01    0.11   -0.06    0.03    0.01    0.04    0.03   -0.23   -30.0   -30.0
 0.0  0.8  0.2   -0.82    0.35    0.23    0.26    0.05    0.01    0.16   -0.16   -30.0    0.42
 0.8  0.2  0.0   -0.08    0.17    0.01    0.03    0.08    0.08   -0.09   -0.24   -30.0   -30.0
 0.6  0.4  0.0   -0.20    0.09    0.07    0.08    0.03    0.02    0.25    0.08   -30.0   -30.0
 0.8  0.2  0.0    0.04    0.13    0.00    0.05    0.04    0.03   -0.09   -0.21   -30.0   -30.0
 0.1  0.9  0.0    0.10    0.27    0.04    0.04    0.22    0.05   -0.30   -0.45   -30.0   -30.0
 0.8  0.2  0.0    0.04    0.05   -0.06    0.00   -30.0   -30.0   -30.0    0.01   -30.0   -30.0
 0.7  0.3  0.0    0.14    0.10   -0.06    0.05    0.11    0.03    0.10   -0.13   -30.0   -30.0
 0.7  0.3  0.0   -0.04    0.15   -0.02    0.05    0.04    0.03   -30.0   -0.45   -30.0   -30.0
 0.6  0.4  0.0   -0.38   -30.0    0.05    0.07    0.08    0.04   -0.05   -0.30   -30.0    0.09
 0.7  0.3  0.0    0.18    0.08   -0.07    0.09    0.02    0.02   -0.12   -0.19   -30.0   -30.0
 0.8  0.2  0.0   -0.23   -30.0    0.01   -30.0   -0.08    0.05    0.01   -0.14   -30.0   -30.0
 0.2  0.8  0.0   -0.24    0.05   -0.02    0.18    0.05    0.04   -0.04   -0.26   -30.0    0.17
 0.9  0.1  0.0    0.01    0.05    0.00   -0.01    0.04    0.08   -30.0   -0.16   -30.0   -30.0
 0.7  0.2  0.0   -0.30    0.10    0.00   -0.02    0.00    0.01    0.09    0.04   -30.0   -30.0
 0.6  0.4  0.0   -0.11   -30.0    0.01    0.19    0.09    0.11   -30.0    0.39   -30.0    0.15
 0.7  0.3  0.0   -0.54   -30.0    0.10   -30.0   -0.01    0.08    0.05   -0.09   -30.0   -30.0
 0.7  0.3  0.0    0.16    0.11    0.04    0.03    0.08    0.06    0.03   -0.26   -30.0   -30.0
 0.8  0.2  0.0    0.24    0.03   -0.02    0.07    0.07    0.05   -0.02   -0.42   -30.0   -30.0
 0.9  0.1  0.0    0.13    0.04   -0.02    0.04    0.05    0.03   -0.02   -0.29   -30.0   -0.02
 0.0  0.9  0.1   -0.70    0.34    0.19    0.32    0.12    0.06    0.01   -0.32   -30.0    0.24
 0.9  0.1  0.0   -0.54    0.16    0.09   -30.0    0.19    0.09    0.02   -0.15   -30.0   -30.0
 0.5  0.5  0.0    0.21    0.21   -0.03    0.02    0.12    0.04   -0.06   -0.35   -30.0   -30.0
 0.0  0.9  0.1    0.10    0.03   -0.01    0.11    0.03    0.04    0.07   -0.25   -30.0    0.00
 0.8  0.2  0.0   -0.11   -30.0    0.01    0.04   -0.04   -0.02   -0.04   -0.13   -30.0   -30.0
 0.9  0.1  0.0   -0.19    0.06   -0.01    0.00   -0.03    0.01   -0.05   -0.11   -30.0   -30.0
 0.0  0.9  0.1   -0.59    0.26    0.08    0.10   -0.04    0.06   -0.11   -0.48   -30.0   -30.0
 0.1  0.9  0.0    0.24    0.12   -0.05    0.00    0.14    0.02   -0.13   -0.30   -30.0   -0.01
 0.6  0.4  0.0   -0.17    0.16    0.00    0.06   -0.01    0.05   -0.01   -0.07   -30.0   -30.0
 0.9  0.1  0.0    0.03    0.04    0.00    0.01   -0.03   -0.04   -0.06   -0.13   -30.0   -30.0
 0.8  0.2  0.0   -0.28    0.19    0.06   -0.01    0.03    0.02    0.10   -0.04   -30.0    0.09
 0.8  0.2  0.0    0.10    0.13    0.07    0.08    0.07    0.02   -0.12   -0.24   -30.0   -30.0
 0.0  0.9  0.1   -0.03    0.08    0.05    0.10   -0.02   -0.01   -0.18   -0.32   -30.0   -30.0
 0.8  0.2  0.0    0.19    0.28    0.04    0.13    0.26    0.11   -30.0   -0.34   -30.0   -30.0
 0.5  0.5  0.0    0.07    0.08   -0.12    0.13    0.06    0.06   -0.02   -0.31   -30.0   -30.0
 0.7  0.3  0.0   -0.11    0.18   -0.01   -0.01    0.00   -0.03    0.35    0.17   -30.0    0.05
 0.1  0.8  0.0    0.13    0.10   -0.01    0.08    0.06   -0.01    0.10   -0.31   -30.0   -30.0
 0.8  0.2  0.0    0.05    0.21    0.04    0.05    0.21    0.08   -0.11   -0.42   -30.0   -30.0
 0.9  0.1  0.0   -0.41    0.04    0.05   -30.0    0.09    0.01    0.17   -0.04   -30.0   -30.0
 0.9  0.1  0.0    0.15    0.13    0.01    0.03    0.13    0.05   -0.02   -0.27   -30.0   -30.0
 0.5  0.5  0.0    0.13    0.01    0.02    0.02    0.05   -0.03   -0.18   -0.16   -30.0    0.02
 0.5  0.5  0.0   -0.02    0.05    0.00    0.01    0.06    0.11    0.24   -0.28   -30.0   -30.0
 0.8  0.2  0.0    0.01    0.13    0.00    0.09    0.05    0.04    0.05   -0.08   -30.0    0.07
 0.8  0.2  0.0   -0.12    0.15    0.03    0.17    0.09    0.06    0.02   -0.13   -30.0    0.07
 0.3  0.7  0.0   -0.04    0.14   -0.02    0.13    0.04    0.05    0.14   -0.29   -30.0   -30.0
 0.2  0.8  0.0   -0.52    0.22    0.05    0.24   -0.03    0.04    0.33   -0.13   -30.0   -30.0
 0.4  0.6  0.0   -0.16    0.09   -0.02   -0.12    0.03    0.02    0.06   -0.18   -30.0   -30.0
 0.4  0.6  0.0   -0.26    0.19    0.06    0.10   -0.04    0.03   -0.07   -0.34   -30.0   -30.0
 0.5  0.5  0.0    0.23    0.10    0.04    0.04    0.13    0.03   -0.23   -0.37   -30.0   -0.11
 0.7  0.3  0.0   -0.56    0.20    0.00    0.18    0.08   -0.01    0.01   -0.33   -30.0    0.16
 0.9  0.1  0.0   -0.37    0.05    0.05    0.11    0.09    0.03    0.05    0.04   -30.0   -30.0
 0.8  0.2  0.0    0.00   -30.0   -0.02    0.05    0.14    0.08   -30.0   -0.24   -30.0    0.03
 0.7  0.3  0.0   -0.17    0.10    0.01    0.14   -0.09    0.05    0.28   -0.02   -30.0   -30.0
 0.8  0.2  0.0    0.09    0.12    0.05   -0.10    0.00    0.10    0.10    0.10   -30.0    0.04
 0.0  0.8  0.2   -0.41    0.33    0.20    0.29    0.10    0.08   -30.0   -0.36   -30.0   -30.0
 0.2  0.7  0.0   -0.23    0.19   -0.02    0.09    0.06    0.05    0.11   -0.18   -30.0   -30.0
 0.8  0.2  0.0   -0.27    0.19    0.06    0.13    0.11    0.05   -30.0   -0.01   -30.0    0.13
 0.3  0.7  0.0   -0.39    0.14    0.04    0.09    0.13    0.04    0.06   -0.21   -30.0   -30.0
 0.7  0.3  0.0   -0.34    0.08    0.05    0.04    0.15   -0.05    0.04   -0.17   -30.0    0.13
 0.6  0.3  0.0   -0.22    0.20    0.03    0.24    0.10    0.09    0.11   -0.16   -30.0   -30.0
 0.9  0.1  0.0   -0.56    0.13    0.06    0.23    0.01    0.14    0.17   -0.14   -30.0   -30.0
 0.3  0.7  0.0   -0.32    0.11    0.07    0.19    0.00    0.10    0.14   -0.12   -30.0   -30.0
 0.9  0.1  0.0    0.13    0.02   -0.03    0.10    0.00    0.05    0.01   -0.18   -30.0    0.05
 0.9  0.1  0.0   -0.11   -30.0    0.07   -30.0   -30.0    0.01   -30.0   -0.04   -30.0   -30.0
 0.5  0.5  0.0    0.21   -0.07    0.00   -0.18   -0.13    0.13    0.00   -0.08   -30.0   -0.11
 0.2  0.7  0.0    0.03    0.06    0.03    0.00    0.10   -0.01   -0.16   -0.27   -30.0   -30.0
 0.5  0.5  0.0   -0.28    0.19    0.03    0.24    0.07    0.09    0.22   -0.09   -30.0   -30.0
 0.7  0.3  0.0   -0.13    0.17    0.13    0.21   -0.04    0.10    0.15   -0.02   -30.0   -30.0
 0.8  0.2  0.0    0.09    0.09    0.01    0.03    0.03    0.03   -0.13   -0.33   -30.0   -0.01
 0.3  0.7  0.0   -0.36    0.09    0.06    0.10    0.00    0.00   -0.04   -0.26   -30.0   -30.0
 0.4  0.5  0.0   -0.44    0.12    0.03    0.08    0.07    0.01    0.02   -0.11   -30.0    0.18
 0.7  0.3  0.0    0.12    0.12   -0.08    0.18    0.04    0.07    0.17   -0.18   -30.0   -30.0
 0.9  0.1  0.0   -0.37    0.00    0.11    0.05    0.05    0.00   -30.0   -0.16   -30.0   -30.0
 0.7  0.3  0.0    0.11    0.12    0.00    0.06    0.15    0.15   -0.16   -0.34   -30.0   -30.0
 0.6  0.4  0.0   -0.07    0.08   -0.04    0.01    0.07    0.15   -30.0   -0.34   -30.0    0.05
 0.9  0.1  0.0   -0.67    0.14    0.05    0.09    0.14    0.00   -0.09   -0.22   -30.0    0.12
 0.9  0.1  0.0   -0.66    0.26    0.12    0.07    0.35    0.05   -0.02   -0.16   -30.0   -30.0
 0.7  0.3  0.0    0.06    0.21   -0.06    0.13    0.09    0.03   -30.0   -0.29   -30.0   -30.0
 0.6  0.4  0.0   -0.32    0.15    0.06    0.12    0.07    0.15   -0.04   -0.14   -30.0    0.20
 0.6  0.4  0.0   -0.25    0.13    0.02    0.08    0.03    0.05    0.04   -0.21   -30.0    0.12
 0.6  0.4  0.0    0.06    0.20    0.05    0.02    0.16    0.10   -0.13   -0.30   -30.0   -30.0
 0.8  0.2  0.0   -0.13    0.14    0.06   -30.0    0.01    0.05    0.03   -0.07   -30.0   -30.0
 0.5  0.5  0.0    0.00    0.09    0.02    0.11    0.01    0.04    0.00   -0.31   -30.0   -30.0
 0.8  0.2  0.0    0.02    0.17    0.02    0.07    0.06    0.10   -30.0    0.04   -30.0   -30.0
 0.6  0.4  0.0   -0.17    0.17    0.06    0.06    0.10    0.05   -0.02   -0.14   -30.0    0.22
 0.8  0.2  0.0   -0.58    0.12    0.11    0.12    0.08   -0.02   -0.09   -0.19   -30.0   -30.0
 0.1  0.9  0.0   -0.54    0.32    0.18    0.26    0.09    0.02    0.28    0.15   -30.0    0.35
 0.7  0.3  0.0   -0.37    0.16    0.20    0.09    0.14    0.00    0.13   -0.18   -30.0   -30.0
 0.8  0.2  0.0   -0.59    0.15    0.08    0.12    0.03    0.00   -0.09   -0.29   -30.0    0.11
 0.7  0.3  0.0   -0.62    0.17    0.05    0.09    0.10    0.04   -0.11   -0.25   -30.0   -30.0
 0.0  0.9  0.1   -0.51    0.27    0.09    0.15    0.06   -0.02   -30.0   -0.40   -30.0   -30.0
 0.7  0.3  0.0   -0.35    0.10    0.04    0.13    0.07    0.01   -0.14   -0.30   -30.0   -30.0
 0.8  0.2  0.0   -0.30    0.11   -0.01    0.04    0.05    0.00   -30.0   -0.27   -30.0   -30.0
 0.1  0.9  0.1   -0.64    0.32    0.14    0.27    0.07    0.03   -0.05   -0.30   -30.0    0.31
 0.0  0.9  0.1   -0.69    0.30    0.07    0.23    0.03    0.08   -0.08   -0.28   -30.0   -30.0
 0.8  0.1  0.0   -0.58    0.35    0.20    0.33    0.10    0.09   -30.0   -0.33   -30.0   -30.0
 0.5  0.5  0.0   -0.59    0.19    0.10    0.08    0.09    0.00   -0.10   -0.24   -30.0   -30.0
 0.0  0.3  0.7   -0.58    0.39    0.21    0.28    0.09    0.02    0.01   -0.23   -30.0   -30.0
 0.1  0.9  0.0   -0.65    0.34    0.23    0.28    0.16    0.14   -30.0   -0.34   -30.0   -30.0
 0.0  0.8  0.2   -0.40    0.26    0.17    0.26    0.09    0.02   -0.12   -0.31   -30.0   -30.0
 0.8  0.2  0.0   -0.64    0.34    0.20    0.30    0.12    0.03    0.07   -0.19   -30.0    0.34
 0.0  0.9  0.1   -0.42    0.11    0.02    0.05    0.08   -0.02   -0.09   -0.21   -30.0   -30.0
 0.9  0.1  0.0   -0.48    0.14    0.06    0.02    0.01    0.02   -30.0   -0.40   -30.0   -30.0
 0.8  0.2  0.0   -0.43    0.09    0.03    0.07    0.03   -0.02   -0.14   -0.21   -30.0   -30.0
 0.0  0.9  0.1   -0.63    0.37    0.19    0.25    0.10    0.11   -30.0   -0.42   -30.0   -30.0
 0.8  0.2  0.0   -0.62    0.18    0.10    0.20    0.17    0.01   -0.01   -0.17   -30.0    0.17
 0.8  0.2  0.0   -0.44    0.08    0.01    0.06    0.11    0.05   -30.0   -0.20   -30.0   -30.0
 0.0  0.9  0.1   -0.65    0.30    0.15    0.21    0.05    0.02   -0.10   -0.33   -30.0   -30.0
 0.4  0.6  0.0   -0.67    0.28    0.11    0.15    0.10    0.14   -30.0   -0.36   -30.0   -30.0
 0.0  0.8  0.2   -0.59    0.22    0.18    0.27    0.04    0.00    0.02   -0.28   -30.0   -30.0
 0.8  0.2  0.0   -0.71    0.24    0.12    0.09    0.17    0.03    0.00   -0.22   -30.0   -30.0
 0.0  0.8  0.2   -0.46    0.36    0.14    0.21    0.09    0.05   -30.0   -0.45   -30.0    0.21
 0.9  0.1  0.0   -0.58    0.20    0.04    0.11    0.08   -0.01   -0.03   -0.18   -30.0    0.14
 0.4  0.6  0.0   -0.31    0.09    0.04   -0.09    0.08   -0.02   -0.08   -0.11   -30.0   -30.0
 0.1  0.8  0.0   -1.03    0.40    0.23    0.28    0.10    0.05    0.01   -0.25   -30.0    0.26
 0.1  0.8  0.1   -0.52    0.35    0.15    0.28    0.15    0.00   -0.11   -0.30   -30.0   -30.0
 0.1  0.8  0.1   -0.50    0.22    0.07    0.06    0.02   -0.03   -0.21   -0.39   -30.0   -30.0
 0.5  0.5  0.0   -0.36    0.10    0.07    0.10    0.08   -0.04   -0.01   -0.16   -30.0   -30.0
 0.8  0.2  0.0   -0.72    0.08    0.09    0.27    0.13    0.03   -0.11   -0.25   -30.0   -30.0
 0.2  0.7  0.0   -0.64    0.16    0.07    0.06    0.03   -0.03   -0.19   -0.33   -30.0    0.09
 0.5  0.4  0.0   -0.65    0.10    0.10    0.17    0.09   -0.02   -0.06   -0.24   -30.0    0.18
 0.6  0.4  0.0   -0.62    0.29    0.13    0.17    0.04    0.02   -0.08   -0.29   -30.0    0.23
 0.0  0.4  0.6   -0.52    0.47    0.24    0.25    0.14    0.15   -0.03   -0.28   -30.0   -30.0
 0.5  0.5  0.0   -0.35   -0.02    0.08    0.01    0.02   -0.02   -0.05   -0.10   -30.0    0.08
 0.5  0.5  0.0   -0.29    0.01    0.02   -0.01    0.01   -0.02    0.08    0.01   -30.0   -30.0
 0.5  0.5  0.0   -0.11    0.06    0.00   -0.03    0.11    0.01    0.00   -0.19   -30.0    0.01
 0.3  0.7  0.0   -0.27    0.07    0.02   -0.03    0.05   -0.03   -0.01   -0.13   -30.0    0.00
 0.8  0.2  0.0   -0.26    0.09    0.06    0.04    0.08   -0.03    0.07    0.02   -30.0    0.01
 0.8  0.2  0.0   -0.41    0.07    0.04    0.00    0.05   -0.03    0.01   -0.01   -30.0   -30.0
 0.2  0.7  0.0   -0.19   -0.03   -0.01   -0.05    0.01   -0.05   -0.01   -0.09   -30.0   -0.06
 0.8  0.2  0.0   -0.36    0.10    0.03    0.03    0.03   -0.03   -0.05   -0.16   -30.0   -0.02
 0.9  0.1  0.0   -0.58    0.11    0.05    0.04    0.10   -0.03   -0.06   -0.05   -30.0    0.21
 0.9  0.1  0.0   -0.35    0.11    0.08    0.03    0.05   -0.05    0.01    0.06   -30.0    0.04
 0.8  0.2  0.0   -0.38    0.09    0.06    0.09    0.03   -0.05   -0.04   -0.04   -30.0   -30.0
 0.1  0.9  0.0   -0.18    0.06    0.03    0.02   -0.02   -0.01   -0.01   -0.10   -30.0    0.16
 0.8  0.2  0.0   -0.17   -0.07    0.02   -30.0    0.16    0.00   -30.0   -0.08   -30.0   -30.0
 0.6  0.4  0.0   -0.39    0.01    0.07    0.06    0.08   -0.05   -0.18   -0.06   -30.0   -30.0
 0.8  0.2  0.0   -0.15    0.05    0.01    0.00    0.00   -0.05    0.03    0.03   -30.0    0.07
 0.1  0.8  0.0   -0.32    0.00    0.03   -0.02    0.02   -0.02   -0.02   -0.07   -30.0    0.09
 0.9  0.1  0.0   -0.69   -30.0    0.08    0.02   -30.0   -0.02   -0.12    0.01   -30.0   -30.0
 0.4  0.6  0.0   -0.43    0.11    0.06    0.07    0.15    0.01   -0.11   -0.13   -30.0   -30.0
 0.8  0.2  0.0   -0.12    0.01    0.03    0.07    0.02   -0.01   -0.04    0.02   -30.0   -30.0
 0.9  0.1  0.0   -0.16    0.03    0.01    0.03    0.05   -0.04    0.08    0.22   -30.0    0.03
 0.5  0.5  0.0   -0.35    0.10    0.04    0.03   -0.02   -0.04   -0.08   -0.11   -30.0    0.00
 0.2  0.8  0.0   -0.28    0.11    0.03    0.04    0.05   -0.02    0.01    0.06   -30.0    0.13
 0.5  0.4  0.0   -0.31    0.05    0.01    0.01    0.03    0.00   -0.05   -0.02   -30.0    0.16
 0.8  0.2  0.0   -0.39    0.19    0.09    0.15    0.08   -0.01   -0.07   -0.31   -30.0    0.14
 0.6  0.4  0.0   -0.29    0.03    0.01    0.05    0.02   -0.06   -0.05    0.09   -30.0   -30.0
 0.7  0.3  0.0   -0.42    0.09    0.02    0.02    0.06   -0.02   -0.14   -0.19   -30.0   -0.03
 0.0  0.9  0.1   -0.31    0.05    0.04    0.07    0.07   -0.04   -0.12   -0.04   -30.0   -30.0
 0.5  0.5  0.0   -0.01    0.02    0.06    0.03   -0.02   -0.02    0.04    0.12   -30.0   -0.03
 0.8  0.2  0.0   -0.12    0.06    0.06   -0.01    0.04    0.00    0.06   -0.04   -30.0    0.02
 0.7  0.3  0.0   -0.52    0.12    0.06    0.06    0.12   -0.03   -0.06   -0.08   -30.0   -0.09
 0.8  0.2  0.0   -0.33    0.06    0.02    0.03    0.06   -0.04   -0.04    0.18   -30.0   -30.0
 0.8  0.2  0.0   -0.48    0.14   -0.02    0.04    0.07   -0.02    0.23    0.33   -30.0   -30.0
 0.8  0.2  0.0   -0.28    0.10    0.02    0.02    0.06    0.00    0.06    0.15   -30.0    0.08
 0.6  0.3  0.0   -0.25    0.09    0.09    0.06    0.06    0.05   -0.03   -0.03   -30.0    0.17
 0.7  0.3  0.0   -0.19    0.09    0.03    0.00    0.06   -0.01   -0.05   -0.13   -30.0   -0.01
 0.8  0.2  0.0   -0.36    0.07   -30.0   -30.0    0.03   -30.0   -0.10   -0.14   -30.0    0.14
 0.9  0.1  0.0   -0.38    0.04    0.01    0.02    0.02   -0.02   -0.07   -0.06   -30.0    0.09
 0.0  0.9  0.1   -0.39    0.12    0.06    0.04    0.01   -0.04   -0.16   -0.19   -30.0    0.08
 0.8  0.2  0.0   -0.54    0.14    0.10    0.10    0.12   -0.01   -0.15   -0.07   -30.0    0.07
 0.6  0.4  0.0   -0.01    0.11   -0.01   -0.01   -0.01   -30.0   -0.01    0.00   -30.0    0.03
 0.9  0.1  0.0   -0.45    0.14    0.05    0.03    0.09   -0.02    0.38    0.47   -30.0    0.14
 0.9  0.1  0.0   -0.22   -0.06   -0.01   -0.07    0.00   -0.06    0.09    0.11   -30.0   -30.0
 0.7  0.3  0.0   -0.56    0.10    0.03    0.04    0.09   -0.03   -0.05    0.02   -30.0   -30.0
 0.7  0.3  0.0   -0.16   -0.07   -0.02   -0.04   -0.04   -0.02    0.10    0.05   -30.0   -30.0
 0.2  0.8  0.0   -0.12    0.07   -0.01    0.00    0.00   -0.02   -0.06   -0.05   -30.0   -0.03
 0.1  0.9  0.0   -0.20    0.06   -0.02   -0.02   -0.01   -0.01    0.05    0.02   -30.0    0.08
 0.7  0.3  0.0   -0.24    0.07    0.01   -0.02    0.05   -0.01    0.06    0.04   -30.0   -30.0
 0.4  0.6  0.0   -0.21    0.06    0.00   -0.02   -0.09   -0.04   -0.06   -0.07   -30.0    0.07
 0.9  0.1  0.0    0.04    0.07    0.01   -0.04   -0.11   -0.05    0.08    0.08   -30.0   -30.0
 0.9  0.1  0.0   -0.38    0.05    0.08    0.02    0.08   -0.02   -0.02    0.04   -30.0    0.05
 0.6  0.4  0.0   -0.25    0.10    0.00    0.03    0.04   -0.04    0.03    0.16   -30.0    0.05
 0.6  0.4  0.0   -0.08    0.04   -0.03   -0.02   -0.02   -0.06    0.00   -0.14   -30.0    0.01
 0.8  0.2  0.0   -0.21    0.10    0.08    0.11    0.00   -0.03    0.06    0.09   -30.0    0.16
 0.9  0.1  0.0   -0.42    0.09    0.04    0.06    0.06   -0.01   -0.04   -0.05   -30.0   -30.0
 0.7  0.3  0.0   -0.44    0.08    0.00    0.02    0.07   -0.02   -0.08   -0.04   -30.0   -30.0
 0.7  0.3  0.0   -0.29    0.06    0.00    0.00   -0.04   -0.06    0.09    0.13   -30.0   -30.0
 0.5  0.5  0.0   -0.23    0.11    0.02   -0.02    0.01   -0.04   -30.0    0.05   -30.0   -30.0
 0.7  0.3  0.0   -0.28    0.11    0.04    0.04    0.01   -0.03    0.26    0.00   -30.0    0.05
 0.8  0.2  0.0   -0.53    0.06    0.03   -0.01    0.07   -0.03    0.00   -0.04   -30.0   -30.0
 0.5  0.5  0.0   -0.41    0.09    0.03    0.01    0.03   -0.02   -0.09   -0.11   -30.0   -30.0
 0.2  0.8  0.0   -0.28    0.08    0.02    0.04    0.05   -0.02   -0.01    0.01   -30.0    0.12
 0.6  0.4  0.0   -0.43    0.14    0.02    0.05    0.04   -0.02   -0.08   -0.05   -30.0    0.21
 0.0  0.9  0.1   -0.35    0.15    0.07    0.10    0.06   -0.01    0.58    0.66   -30.0    0.24
 0.7  0.3  0.0   -0.06    0.04   -0.05   -0.04    0.07    0.02    0.02   -0.07   -30.0    0.15
 0.8  0.1  0.0   -0.24    0.06    0.03    0.07    0.10   -0.06   -30.0    0.22   -30.0   -30.0
 0.8  0.2  0.0   -0.25    0.09   -0.04    0.03    0.02   -0.03   -0.01    0.00   -30.0    0.13
 0.5  0.5  0.0   -0.47    0.05    0.07    0.04    0.08   -0.02    0.01    0.03   -30.0   -30.0
 0.3  0.7  0.0    0.05    0.01   -0.05   -0.05    0.00    0.02    0.15    0.04   -30.0   -30.0
 0.6  0.4  0.0   -0.14    0.06   -0.01    0.00   -0.02   -0.02   -0.02   -0.09   -30.0    0.09
 0.7  0.3  0.0   -0.15    0.11   -0.04    0.01   -0.01    0.00    0.00    0.00   -30.0    0.12
 0.9  0.1  0.0   -0.62    0.10    0.05    0.09   -0.01   -0.02   -0.13   -0.12   -30.0   -30.0
 0.8  0.2  0.0   -0.35    0.05    0.06    0.08    0.06   -0.02    0.04    0.12   -30.0   -30.0
 0.8  0.2  0.0   -0.31    0.07    0.00    0.04    0.05   -0.03    0.00    0.05   -30.0    0.18
 0.4  0.6  0.0   -0.45    0.11    0.07    0.04    0.09   -0.02    0.03    0.08   -30.0   -30.0
 0.9  0.1  0.0   -0.15   -0.02   -0.04   -0.02   -0.12   -0.06    0.12    0.23   -30.0   -0.02
 0.5  0.5  0.0   -0.46    0.17    0.04    0.06    0.09    0.00    0.00    0.03   -30.0    0.09
 0.7  0.3  0.0   -0.18    0.13    0.04    0.01    0.05   -0.02    0.09    0.12   -30.0   -0.03
 0.6  0.4  0.0   -0.36    0.05    0.03    0.02    0.05    0.01   -0.04   -0.05   -30.0    0.04
 0.6  0.4  0.0   -0.31    0.05    0.03    0.02    0.04   -0.02   -0.05   -0.02   -30.0   -30.0
 0.8  0.2  0.0   -0.25    0.06    0.05    0.05    0.07   -0.01   -0.01    0.00   -30.0    0.07
 0.5  0.5  0.0   -0.46    0.10    0.03    0.06    0.03   -0.01    0.00   -0.09   -30.0    0.09
 0.8  0.2  0.0   -0.39    0.09    0.05    0.05    0.08   -0.01   -0.08   -0.04   -30.0    0.06
 0.7  0.3  0.0   -0.38    0.03    0.05   -0.01    0.03   -0.02   -0.10   -0.15   -30.0   -0.06
 0.8  0.2  0.0   -0.42    0.07    0.08    0.08    0.11    0.00    0.09    0.06   -30.0    0.15
 0.5  0.5  0.0   -0.44    0.07    0.04    0.01    0.11   -0.03    0.11    0.20   -30.0    0.23
 0.7  0.3  0.0   -0.48    0.33    0.18    0.26    0.16    0.04   -0.11   -0.28   -30.0   -30.0
 0.9  0.1  0.0   -0.35    0.10    0.01    0.06    0.00   -0.06    0.07    0.08   -30.0    0.24
 0.9  0.1  0.0   -0.32    0.11    0.11    0.15    0.10   -0.04    0.12    0.30   -30.0    0.14
 0.4  0.6  0.0   -0.45    0.08    0.01    0.02    0.08   -0.01    0.21    0.20   -30.0   -30.0
 0.8  0.2  0.0   -0.38    0.04    0.04    0.00    0.04   -0.04    0.14    0.01   -30.0   -30.0
 0.9  0.1  0.0   -0.28   -0.03    0.04   -0.01    0.03   -0.05   -0.13   -0.09   -30.0   -30.0
 0.6  0.4  0.0   -0.41    0.04    0.04    0.07    0.00   -0.01   -0.04   -0.12   -30.0    0.32
 0.4  0.6  0.0   -0.39    0.08    0.00   -0.01    0.07   -0.01   -0.08   -0.03   -30.0   -30.0
 0.4  0.6  0.0   -0.23    0.08    0.08    0.01    0.08    0.01   -0.05   -0.12   -30.0   -0.06
 0.7  0.3  0.0   -0.23   -30.0    0.05   -0.05    0.04   -0.04    0.09    0.12   -30.0   -30.0
 0.9  0.1  0.0   -0.44    0.06    0.04    0.01    0.07   -0.03    0.03    0.00   -30.0   -30.0
 0.2  0.8  0.0   -0.42    0.06    0.12    0.07    0.14   -0.04   -0.05   -0.07   -30.0    0.06
 0.3  0.6  0.0   -0.38    0.21    0.13    0.19    0.11    0.05   -0.02   -0.20   -30.0   -30.0
 0.4  0.6  0.0   -0.49    0.08    0.07    0.08    0.08   -0.02   -0.03   -0.06   -30.0    0.07
 0.7  0.3  0.0   -0.36    0.12    0.01    0.04    0.04   -0.01    0.29    0.18   -30.0   -30.0
 0.6  0.4  0.0   -0.37   -0.05    0.04   -0.02    0.06    0.01    0.04   -0.05   -30.0    0.19
 0.8  0.2  0.0   -0.60    0.11    0.11    0.07    0.08   -0.02   -0.13   -0.22   -30.0   -30.0
 0.8  0.2  0.0   -0.37    0.05   -30.0    0.13    0.09   -0.05   -30.0    0.00   -30.0   -30.0
 0.8  0.2  0.0   -0.36    0.09    0.05    0.04    0.07   -0.02   -0.06   -0.04   -30.0   -30.0
 0.4  0.6  0.0   -0.17   -30.0    0.06   -0.08    0.05   -0.07    0.18   -30.0   -30.0   -30.0
 0.8  0.2  0.0   -0.05    0.01   -0.01   -0.08    0.00   -0.03    0.02   -0.02   -30.0   -30.0
 0.9  0.1  0.0   -0.17    0.03   -0.01   -0.02    0.08   -0.03    0.08    0.05   -30.0   -0.01
 0.8  0.2  0.0   -0.09   -30.0    0.06   -30.0   -30.0   -0.04    0.08    0.10   -30.0   -30.0
 0.8  0.2  0.0   -0.38    0.11    0.02    0.02    0.07    0.00    0.03   -0.04   -30.0   -30.0
 0.7  0.3  0.0   -0.22   -0.03    0.01    0.00    0.06   -0.03    0.03    0.01   -30.0   -30.0
 0.8  0.2  0.0   -0.07    0.07    0.02    0.03    0.00   -0.03    0.10    0.29   -30.0   -30.0
 0.7  0.3  0.0   -0.10    0.00    0.04    0.00    0.10    0.01    0.07    0.06   -30.0   -30.0
 0.9  0.1  0.0   -0.41    0.02    0.00   -0.04   -0.01   -0.08   -0.04    0.01   -30.0   -30.0
 0.8  0.2  0.0    0.11    0.08   -0.05   -0.04    0.06    0.02   -0.12   -0.17   -30.0   -30.0
 0.7  0.3  0.0   -0.27    0.03    0.04    0.00    0.11    0.00    0.01    0.03   -30.0   -30.0
 0.8  0.2  0.0   -0.14    0.02    0.04   -0.05   -30.0   -0.02    0.04    0.08   -30.0    0.05
 0.8  0.2  0.0    0.00    0.15    0.02   -0.02    0.09   -0.01   -0.16   -0.14   -30.0   -30.0
 0.8  0.2  0.0   -0.37    0.08    0.00    0.06    0.05   -0.02   -0.08   -0.04   -30.0   -30.0
 0.8  0.2  0.0   -0.31    0.09   -0.01    0.01    0.00   -0.03   -0.02   -0.03   -30.0   -30.0
 0.4  0.6  0.0   -0.33   -30.0    0.06   -0.01    0.00   -0.06   -30.0    0.14   -30.0   -30.0
 0.9  0.1  0.0   -0.09    0.06    0.03   -0.02    0.06   -0.04    0.05    0.06   -30.0   -30.0
 0.8  0.2  0.0   -0.44    0.10    0.07    0.06    0.14    0.00    0.05    0.04   -30.0   -30.0
 0.8  0.2  0.0   -0.53    0.12    0.00    0.07    0.03   -0.03   -0.15   -0.13   -30.0   -30.0
 0.7  0.3  0.0    0.00    0.01   -0.01   -0.04    0.00    0.02    0.08    0.04   -30.0   -30.0
 0.7  0.3  0.0   -0.08   -0.02    0.05   -0.05    0.09   -0.04    0.03   -0.01   -30.0   -30.0
 0.9  0.1  0.0   -0.26    0.01    0.03   -0.01    0.02   -0.03   -0.02   -0.06   -30.0   -30.0
 0.8  0.2  0.0   -0.46    0.09    0.08    0.06    0.07   -0.01   -0.04   -0.17   -30.0   -30.0
 0.7  0.3  0.0   -0.35    0.09    0.03    0.00    0.13    0.00   -0.03   -0.04   -30.0   -30.0
 0.8  0.2  0.0   -0.19    0.00   -0.02   -0.03   -0.05   -0.04    0.10    0.06   -30.0   -30.0
 0.7  0.3  0.0   -0.29   -0.01    0.04    0.07    0.03   -0.05    0.07    0.17   -30.0   -30.0
 0.8  0.2  0.0   -0.20   -0.01   -0.02   -0.04    0.01   -0.05    0.04    0.05   -30.0   -30.0
 0.7  0.3  0.0   -0.30    0.07    0.00    0.02    0.02   -0.02   -0.03   -0.04   -30.0    0.24
 0.8  0.2  0.0   -0.44    0.07    0.03    0.06    0.06   -0.05   -0.06   -0.11   -30.0   -30.0
 0.9  0.1  0.0   -0.32    0.05    0.08    0.00    0.03   -0.05    0.10    0.21   -30.0   -30.0
 0.8  0.2  0.0   -0.11   -0.04    0.04   -0.03   -0.01   -0.06    0.13    0.19   -30.0   -30.0
 0.0  0.9  0.1   -0.54    0.06    0.09    0.15    0.18   -0.01   -0.23   -0.17   -30.0   -30.0
 0.8  0.2  0.0   -0.63    0.12    0.06    0.07    0.14   -0.03    0.04    0.12   -30.0    0.29
 0.8  0.2  0.0   -0.23    0.04    0.03    0.01    0.03   -0.01   -0.10   -0.10   -30.0    0.04
 0.8  0.2  0.0   -0.54    0.09    0.07    0.04    0.09   -0.01    0.01    0.05   -30.0    0.24
 0.9  0.1  0.0   -0.39    0.13    0.14    0.10    0.07    0.01    0.03    0.14   -30.0   -30.0
 0.8  0.2  0.0   -0.24    0.04    0.01    0.02   -0.01   -0.05    0.08    0.18   -30.0    0.24
 0.9  0.1  0.0   -0.66    0.14    0.10    0.07    0.10    0.00   -0.03   -0.04   -30.0   -30.0
 0.8  0.2  0.0   -0.36    0.06    0.03    0.04    0.06   -0.02   -0.02    0.06   -30.0   -30.0
 0.4  0.6  0.0   -0.48    0.11    0.07    0.07    0.08   -0.01    0.02   -0.01   -30.0    0.18
 0.8  0.2  0.0   -0.12   -0.11   -0.01   -0.02    0.00   -0.04    0.18    0.29   -30.0    0.12
 0.4  0.6  0.0   -0.18    0.08    0.05   -0.06    0.05    0.00    0.01   -0.02   -30.0   -30.0
 0.6  0.4  0.0   -0.27    0.00    0.01    0.01    0.05   -0.03   -0.02   -0.03   -30.0    0.16
 0.8  0.2  0.0   -0.27    0.03    0.00    0.00    0.09   -0.04    0.05    0.14   -30.0    0.09
 0.8  0.2  0.0   -0.36    0.03    0.08    0.04    0.05   -0.04    0.01    0.05   -30.0   -30.0
 0.8  0.2  0.0   -0.34    0.08    0.06    0.03    0.08   -0.03   -0.14   -0.15   -30.0   -30.0
 0.8  0.2  0.0   -0.21    0.05    0.02   -0.01    0.06   -0.03    0.10    0.11   -30.0    0.02
 0.7  0.2  0.0   -0.57    0.08    0.14    0.08    0.20   -0.02   -0.02   -0.09   -30.0   -30.0
 0.8  0.1  0.0   -0.39    0.04   -0.01   -0.02    0.02   -0.04   -0.05   -0.06   -30.0    0.10
 0.8  0.2  0.0   -0.14    0.01    0.05   -30.0    0.16    0.01   -30.0   -0.10   -30.0    0.09
 0.7  0.3  0.0   -0.31    0.04   -0.01   -0.03    0.02   -0.03    0.03    0.04   -30.0   -0.06
 0.6  0.4  0.0   -0.05    0.07   -0.05   -0.04    0.04   -0.01    0.08   -0.06   -30.0    0.25
 0.9  0.1  0.0   -0.55    0.09    0.11    0.07    0.08   -0.01   -0.02    0.09   -30.0   -30.0
 0.8  0.2  0.0   -0.22    0.08    0.04   -0.04    0.08   -0.01    0.00   -0.02   -30.0    0.03
 0.4  0.6  0.0   -0.33    0.12    0.07    0.02    0.10   -0.02    0.09    0.22   -30.0    0.02
 0.7  0.3  0.0   -0.16    0.07   -0.01    0.02    0.02   -0.04   -0.11    0.04   -30.0   -0.02
 0.5  0.5  0.0   -0.39   -0.03    0.00    0.02    0.02   -0.07    0.02   -0.01   -30.0   -30.0
 0.8  0.2  0.0   -0.18    0.05    0.04   -0.02    0.06   -0.01    0.01   -0.03   -30.0    0.01
 0.6  0.4  0.0   -0.27    0.06    0.03   -0.01   -0.03   -0.06   -0.02    0.10   -30.0   -30.0
 0.9  0.1  0.0   -0.21    0.00    0.04    0.05    0.03   -0.04    0.09    0.08   -30.0    0.11
 0.8  0.2  0.0   -0.06    0.03    0.00   -0.03    0.08   -0.01    0.04    0.17   -30.0   -30.0
 0.3  0.7  0.0   -0.30    0.16    0.09    0.05    0.10    0.02   -0.10   -0.14   -30.0   -30.0
 0.8  0.2  0.0   -0.31    0.10    0.01    0.03    0.05    0.00   -0.01    0.03   -30.0   -0.04
 0.8  0.2  0.0   -0.54    0.12    0.05    0.10    0.12   -0.03   -0.08    0.06   -30.0    0.10
 0.9  0.1  0.0   -0.51    0.09    0.08    0.03    0.17   -0.05    0.07    0.04   -30.0   -30.0
 0.4  0.6  0.0   -0.20    0.02    0.06    0.04    0.02   -0.01   -0.02    0.00   -30.0   -0.02
 0.3  0.7  0.0   -0.31    0.08    0.01   -0.03    0.02   -0.03    0.35    0.09   -30.0    0.17
 0.8  0.2  0.0   -0.16    0.04    0.06    0.02    0.07    0.00    0.02    0.03   -30.0   -30.0
 0.7  0.3  0.0   -0.24    0.01    0.06    0.05   -0.06   -0.05    0.09    0.08   -30.0   -30.0
 0.2  0.8  0.0   -0.29    0.11    0.01    0.00    0.04    0.00    0.22    0.16   -30.0    0.25
 0.8  0.2  0.0   -0.04    0.05    0.04    0.01    0.05   -0.02    0.03    0.00   -30.0    0.11
 0.6  0.4  0.0   -0.48    0.11    0.04    0.06    0.07   -0.01   -0.14   -0.15   -30.0   -0.05
 0.9  0.1  0.0   -0.58    0.10    0.13    0.14    0.07    0.01   -0.06   -0.06   -30.0   -30.0
 0.1  0.9  0.0   -0.24    0.09    0.02    0.05    0.00    0.01    0.02   -0.05   -30.0    0.21
 0.1  0.8  0.1   -0.53    0.11    0.05    0.05    0.09   -0.01   -0.05   -0.10   -30.0    0.14
