     0     1    4.4477436948E+00
    30    45    1.2360422768E-08
    30    46    2.6675972347E-03
    30    47    2.3655462398E-02
    30    48    2.8704006761E-03
    30    49    2.3966352740E-02
    30    50    2.9930876721E-03
    31    45    3.1035079252E-09
    31    46    2.1845139704E-02
    31    47    7.1125551051E-02
    31    48    2.2161685592E-02
    31    49    7.0713146897E-02
    31    50    2.3410592465E-02
    31    51    6.9333378674E-02
    31    52    2.2592537841E-02
    32    45    2.6286579063E-08
    32    46    3.4083480948E-03
    32    47    1.8580803374E-02
    32    48    3.6783391035E-03
    32    49    2.6277821383E-02
    32    50    6.8490518870E-03
    32    51    2.5228995898E-02
    32    52    7.9069954285E-03
    32    53    2.4562994006E-02
    32    54    5.6647763800E-03
    33    45    8.1398240928E-09
    33    46    1.4381550575E-02
    33    47    4.3358144805E-02
    33    48    1.4659756978E-02
    33    49    5.8523811984E-02
    33    50    2.0526448491E-02
    33    51    5.7291789782E-02
    33    52    2.1652584272E-02
    33    53    5.5981353432E-02
    33    54    2.3081534451E-02
    33    55    5.4291845386E-02
    33    56    2.2071602228E-02
    33    57    1.2692718332E-02
    34    46    5.0305497478E-06
    34    47    1.0445389693E-02
    34    48    2.8166333773E-03
    34    49    1.3202999287E-02
    34    50    3.4098200956E-03
    34    51    1.2954200484E-02
    34    52    3.7911099859E-03
    34    53    1.2826881572E-02
    34    54    4.2798380209E-03
    34    55    1.2528297338E-02
    34    56    4.9060261750E-03
    34    57    1.2025797039E-02
    34    58    3.9455629551E-03
    34    59    1.9762870269E-03
    35    47    5.6578523902E-08
    35    48    7.0188097192E-03
    35    49    2.6833503809E-02
    35    50    8.8192472598E-03
    35    51    2.6413830536E-02
    35    52    9.2443224022E-03
    35    53    2.5975649748E-02
    35    54    9.7329098882E-03
    35    55    2.5411738520E-02
    35    56    1.0350338500E-02
    35    57    2.4606436360E-02
    35    58    1.1192030016E-02
    35    59    2.3383707625E-02
    35    60    2.4479764744E-03
    35    61    3.6771786769E-03
    36    48    5.9947365281E-06
    36    49    4.2589904568E-03
    36    50    1.1508506192E-03
    36    51    4.8145487335E-03
    36    52    1.2867928172E-03
    36    53    4.8147851185E-03
    36    54    1.4634375160E-03
    36    55    4.7479854737E-03
    36    56    1.6454473047E-03
    36    57    4.6327791336E-03
    36    58    1.8642433671E-03
    36    59    4.4397943628E-03
    36    60    2.0547266957E-03
    36    61    4.1876342085E-03
    36    62    3.1227127509E-04
    36    63    4.0227047812E-04
    37    49    4.1624985603E-07
    37    50    2.6686357945E-03
    37    51    9.1180937492E-03
    37    52    2.8191523495E-03
    37    53    9.0355930151E-03
    37    54    2.9729593618E-03
    37    55    8.8995699543E-03
    37    56    3.2089223382E-03
    37    57    8.6608800116E-03
    37    58    3.4418808843E-03
    37    59    8.3405307170E-03
    37    60    3.6360369508E-03
    37    61    7.9822205547E-03
    37    62    2.8491891107E-03
    37    63    7.3505461332E-04
    37    64    2.0953053204E-04
    38    50    2.6867143935E-05
    38    51    1.1776761200E-03
    38    52    2.7974154445E-04
    38    53    1.1991504605E-03
    38    54    3.1889421338E-04
    38    55    1.2028185723E-03
    38    56    3.5845371293E-04
    38    57    1.1964872593E-03
    38    58    5.9904298426E-04
    38    59    8.2577310959E-03
    38    60    1.9884643190E-03
    38    61    5.9266733607E-03
    38    62    1.4498729704E-03
    38    63    3.1243866239E-03
    38    64    7.9930445785E-04
    38    65    2.0752259210E-03
    38    66    1.1439024174E-05
    39    51    2.1051668391E-07
    39    52    6.3578090333E-05
    39    53    2.0769347901E-03
    39    54    5.8255991306E-04
    39    55    2.0696913556E-03
    39    56    6.3284492725E-04
    39    57    2.0366934077E-03
    39    58    6.0105660465E-03
    39    59    1.6696163845E-02
    39    60    4.6220624542E-03
    39    61    1.1346426618E-02
    39    62    2.8590418523E-03
    39    63    8.1195366520E-03
    39    64    2.8233668296E-03
    39    65    6.2204663159E-03
    39    66    2.5524592606E-03
    39    67    6.0244970181E-03
    39    68    1.7274575801E-03
    40    53    3.0787325056E-07
    40    54    3.9350669246E-05
    40    55    1.7754971930E-04
    40    56    4.5671522221E-05
    40    57    1.8171083347E-04
    40    58    7.0552976654E-04
    40    59    2.4287766714E-03
    40    60    4.4070265819E-04
    40    61    1.1801770796E-03
    40    62    3.5220516623E-04
    40    63    1.1714841154E-03
    40    64    4.0644162112E-04
    40    65    1.1434478688E-03
    40    66    3.8115812132E-04
    40    67    9.7626306233E-04
    40    68    5.5871106181E-04
    40    69    1.6341991703E-03
    41    54    2.9082982035E-07
    41    55    4.5258845028E-06
    41    56    1.3685645783E-05
    41    57    2.7231090551E-04
    41    58    1.4582823891E-03
    41    59    4.0007616298E-03
    41    60    7.6740462185E-04
    41    61    2.7479086140E-03
    41    62    8.3590584771E-04
    41    63    2.7186804160E-03
    41    64    9.1672650802E-04
    41    65    2.6596720423E-03
    41    66    9.0000501895E-04
    41    67    2.5268055209E-03
    41    68    1.6719605240E-03
    41    69    4.8534282512E-03
    41    70    2.7602306555E-03
    41    71    6.3457337711E-03
    42    55    1.9530593991E-10
    42    56    1.6351512120E-08
    42    57    9.1379106547E-08
    42    58    1.2121358744E-05
    42    59    2.9418379445E-04
    42    60    6.9074357841E-05
    42    61    3.0287210410E-04
    42    62    7.9893441175E-05
    42    63    3.0907318638E-04
    42    64    9.2037218196E-05
    42    65    3.1049076324E-04
    42    66    1.3067394327E-04
    42    67    5.2960450993E-04
    42    68    3.0154594717E-04
    42    69    9.1428435496E-04
    42    70    4.7867556811E-04
    42    71    1.1992800856E-03
    42    72    3.5799257905E-04
    43    57    2.1973416013E-10
    43    58    1.6801243772E-08
    43    59    9.1897594588E-07
    43    60    1.4882508835E-04
    43    61    6.0771042470E-04
    43    62    1.6484887834E-04
    43    63    6.1790466857E-04
    43    64    1.8817605175E-04
    43    65    6.5394267261E-04
    43    66    3.6757395693E-04
    43    67    1.3804864384E-03
    43    68    6.4290849812E-04
    43    69    1.9269402183E-03
    43    70    9.1493089433E-04
    43    71    2.2852465968E-03
    43    72    1.1498715431E-03
    43    73    2.5229130504E-03
    43    74    1.3787281710E-03
    43    75    2.6120759888E-03
    44    59    7.6500334936E-08
    44    60    9.2938929090E-06
    44    61    4.6888871220E-05
    44    62    1.0906571622E-05
    44    63    4.9166134558E-05
    44    64    1.6555199002E-05
    44    65    9.5955391533E-05
    44    66    4.3846450342E-05
    44    67    1.7813751729E-04
    44    68    7.5419879295E-05
    44    69    2.4537258541E-04
    44    70    1.0616892561E-04
    44    71    2.9798798480E-04
    44    72    1.3730365342E-04
    44    73    3.3698503489E-04
    44    74    1.7350653866E-04
    44    75    3.5789136726E-04
    44    76    1.0007644159E-04
    45    60    3.3653124348E-11
    45    61    1.7662958496E-07
    45    62    1.9838382935E-05
    45    63    9.1391043889E-05
    45    64    4.3835382737E-05
    45    65    2.2112851795E-04
    45    66    8.6519173516E-05
    45    67    3.3464885234E-04
    45    68    1.2889299571E-04
    45    69    4.1871816729E-04
    45    70    1.7105183231E-04
    45    71    4.7898225187E-04
    45    72    2.0918089002E-04
    45    73    5.2321487974E-04
    45    74    2.4723597333E-04
    45    75    5.4290972299E-04
    46    62    3.9551066788E-07
    46    63    8.2933337235E-06
    46    64    3.1310348934E-06
    46    65    1.7286128829E-05
    46    66    5.8453799874E-06
    46    67    2.5817750482E-05
    46    68    8.8038209803E-06
    46    69    3.3664445840E-05
    46    70    1.2079955764E-05
    46    71    3.9663502072E-05
    46    72    1.5284755120E-05
    46    73    4.4656636070E-05
    46    74    1.0200795377E-05
    46    75    2.3025967350E-07
    46    76    6.8799425611E-09
    46    77    2.0402060382E-08
    47    64    1.2990809081E-06
    47    65    2.7819493212E-05
    47    66    8.6607498531E-06
    47    67    3.7591533009E-05
    47    68    1.2318374234E-05
    47    69    4.7464897109E-05
    47    70    1.6039034442E-05
    47    71    5.3821483635E-05
    47    72    6.1679631169E-07
    47    73    1.8579410719E-06
    47    74    4.8495332097E-07
    47    75    1.6972557818E-06
    47    76    5.2342358962E-08
    47    77    1.3611124448E-07
    47    78    1.6732147927E-09
    48    70    2.0996020845E-08
    48    71    2.0631956431E-07
    48    72    1.2986131189E-08
    48    73    8.1201340219E-08
    48    74    1.8231278671E-09
    48    75    9.1615746943E-09
    48    76    1.2575648242E-10
    48    77    7.8302438118E-07
    48    78    1.5035378596E-04
    48    79    1.6457406606E-03
    48    80    2.8565823333E-04
    48    81    1.4187890005E-03
    48    82    6.6451051067E-04
    48    83    1.0585989275E-03
    48    84    1.0932078762E-04
    49    71    2.4720877404E-09
    49    72    1.7460141049E-07
    49    73    9.8714341383E-07
    49    74    2.0760420627E-05
    49    75    3.4014714718E-03
    49    76    6.7074674448E-04
    49    77    3.6019545455E-03
    49    78    2.0364407302E-03
    49    79    8.8194585967E-03
    49    80    1.8270193517E-03
    49    81    8.1474568299E-03
    49    82    3.1176409670E-03
    49    83    7.2551072424E-03
    49    84    3.8179743889E-03
    49    85    8.3147729373E-03
    49    86    2.3058757284E-03
    50    73    9.6750565022E-08
    50    74    7.7993563972E-05
    50    75    6.2474475650E-04
    50    76    1.0380913310E-04
    50    77    2.0105866444E-03
    50    78    2.9145198798E-04
    50    79    1.6750672641E-03
    50    80    2.8788696182E-04
    50    81    1.6291382944E-03
    50    82    5.9074762017E-04
    50    83    1.5121690043E-03
    50    84    7.3678274570E-04
    50    85    2.0127641471E-03
    50    86    1.1373511879E-03
    50    87    2.9723800725E-03
    51    72    3.6066773319E-06
    51    73    3.3988463898E-03
    51    74    6.3391797703E-04
    51    75    3.6144256302E-03
    51    76    7.1602482250E-04
    51    77    8.6882708071E-03
    51    78    1.7627314854E-03
    51    79    8.1066492494E-03
    51    80    1.7556176944E-03
    51    81    8.4413452712E-03
    51    82    2.5830580935E-03
    51    83    9.4610180726E-03
    51    84    3.4181006249E-03
    51    85    1.6213031513E-02
    51    86    4.9836670367E-03
    51    87    1.6406236891E-02
    51    88    2.1215727395E-02
    52    73    2.5848854257E-08
    52    74    7.9239003241E-05
    52    75    6.7868609513E-04
    52    76    9.9643679580E-05
    52    77    1.6197134837E-03
    52    78    2.5258384074E-04
    52    79    1.5938590555E-03
    52    80    2.6442041182E-04
    52    81    1.7575134663E-03
    52    82    4.7190489947E-04
    52    83    2.2120166064E-03
    52    84    7.0775550756E-04
    52    85    3.3171695110E-03
    52    86    8.2491176393E-04
    52    87    3.1916396311E-03
    52    88    9.8036526037E-04
    52    89    3.0676919410E-03
    52    90    6.1068517463E-04
    53    76    2.5978677338E-06
    53    77    4.3923945810E-03
    53    78    1.5207409453E-03
    53    79    7.6360493091E-03
    53    80    1.7119682120E-03
    53    81    9.3466660130E-03
    53    82    2.5901948700E-03
    53    83    1.6139956918E-02
    53    84    3.8981351372E-03
    53    85    1.6782811173E-02
    53    86    4.1172556164E-03
    53    87    1.6525920779E-02
    53    88    4.4348206411E-03
    53    89    1.6196440772E-02
    53    90    3.9282044600E-03
    53    91    3.5111018875E-03
    54    77    1.8266632962E-08
    54    78    1.2506131619E-04
    54    79    1.5469494326E-03
    54    80    2.4731233748E-04
    54    81    2.1721327589E-03
    54    82    4.6318181927E-04
    54    83    3.2419693940E-03
    54    84    5.2971714056E-04
    54    85    3.2547969586E-03
    54    86    5.9648688947E-04
    54    87    3.2417396269E-03
    54    88    6.8556910937E-04
    54    89    3.2067539036E-03
    54    90    5.9955276550E-04
    54    91    1.6260025662E-03
    54    92    4.8242490297E-04
    55    79    5.0583036084E-07
    55    80    2.0689328006E-03
    55    81    1.5438981120E-02
    55    82    3.2991636084E-03
    55    83    1.6067859982E-02
    55    84    3.3955321954E-03
    55    85    1.6030878578E-02
    55    86    3.5120473778E-03
    55    87    1.5953524066E-02
    55    88    3.7119170939E-03
    55    89    1.0665537515E-02
    55    90    2.2845357198E-03
    55    91    6.7113074966E-03
    55    92    4.6441226351E-04
    55    93    8.1421307847E-04
    55    94    5.0309654699E-04
    55    95    7.3064589030E-04
    56    80    3.3177774956E-06
    56    81    3.0683889468E-03
    56    82    3.8259484016E-04
    56    83    3.0998056469E-03
    56    84    4.1530353111E-04
    56    85    3.1349931879E-03
    56    86    4.5296658537E-04
    56    87    3.1644107815E-03
    56    88    3.9061186248E-04
    56    89    1.6014388334E-03
    56    90    3.2558497535E-04
    56    91    1.1684919519E-03
    56    92    7.3008008548E-05
    56    93    1.4007270285E-04
    56    94    8.0135473667E-05
    56    95    1.3278811999E-04
    56    96    8.4539479159E-05
    56    97    1.2131824622E-04
    57    82    2.5947266047E-05
    57    83    4.5043980837E-04
    57    84    3.1240261540E-03
    57    85    1.5409063218E-02
    57    86    3.2191624847E-03
    57    87    1.0295785631E-02
    57    88    1.7782955615E-03
    57    89    6.4490280573E-03
    57    90    1.2695101123E-03
    57    91    3.9293967558E-04
    57    92    1.8113994810E-04
    57    93    3.7639977629E-04
    57    94    1.9503704902E-04
    57    95    3.5795918150E-04
    57    96    2.0449816406E-04
    57    97    3.4446223787E-04
    57    98    9.9300180600E-05
    58    84    5.1360563018E-06
    58    85    5.8264598940E-05
    58    86    1.8522457334E-05
    58    87    5.7323079893E-05
    58    88    2.0192294841E-05
    58    89    5.6427336756E-05
    58    90    2.1502435666E-05
    58    91    5.5880903386E-05
    58    92    2.3538638920E-05
    58    93    5.4488788009E-05
    58    94    2.5875251950E-05
    58    95    5.2834901969E-05
    58    96    2.8410743917E-05
    58    97    5.0822231114E-05
    58    98    3.0243959537E-05
    58    99    4.7612318120E-05
    59    85    7.7043427952E-07
    59    86    4.3450138019E-05
    59    87    1.3758050994E-04
    59    88    4.7288531795E-05
    59    89    1.3444843742E-04
    59    90    5.0770655549E-05
    59    91    1.3171252361E-04
    59    92    5.3305395303E-05
    59    93    1.2939944983E-04
    59    94    5.7417944917E-05
    59    95    1.2530712355E-04
    59    96    6.2134508298E-05
    59    97    1.2060563727E-04
    59    98    6.5323777871E-05
    59    99    1.1351122042E-04
    59   100    4.1090620941E-08
    60    87    1.0730051045E-07
    60    88    4.4894769233E-06
    60    89    1.4986914665E-05
    60    90    5.0669367970E-06
    60    91    1.4933848958E-05
    60    92    5.4589008381E-06
    60    93    1.5021344247E-05
    60    94    6.0175089120E-06
    60    95    1.4894531203E-05
    60    96    6.6293853942E-06
    60    97    1.4634047389E-05
    60    98    7.1159106783E-06
    60    99    1.4488765954E-05
    60   100    3.3153898568E-06
    60   101    8.3676762162E-09
    61    89    2.4977210478E-07
    61    90    1.0588840293E-05
    61    91    3.1786158817E-05
    61    92    1.1256430651E-05
    61    93    3.1817665164E-05
    61    94    1.2213669972E-05
    61    95    3.1486159795E-05
    61    96    1.3247561627E-05
    61    97    3.0933769091E-05
    61    98    1.4371116564E-05
    61    99    3.0113678707E-05
    61   100    1.5223452421E-05
    61   101    2.8739394980E-05
    61   102    2.1984160145E-09
    62    91    2.2981392722E-08
    62    92    8.8390233573E-07
    62    93    2.8103355166E-06
    62    94    9.6581956921E-07
    62    95    2.8748471806E-06
    62    96    1.0760645063E-06
    62    97    2.8992834452E-06
    62    98    1.1960859175E-06
    62    99    2.8980697871E-06
    62   100    6.1014248637E-07
    62   101    3.7043812560E-10
    62   102    1.7260003778E-10
    62   103    3.6387205485E-10
    63    94    6.7989925858E-07
    63    95    5.3993510578E-06
    63    96    1.9515321861E-06
    63    97    5.4653932538E-06
    63    98    2.1393226440E-06
    63    99    5.4535332208E-06
    63   100    1.2350249033E-06
    63   101    4.2623569631E-10
    63   102    1.8105218171E-10
    63   103    4.2602409635E-10
    64    96    1.1231461453E-12
    64    97    7.6700751192E-12
    64    98    2.4100970514E-12
    64    99    8.4094733537E-12
    64   100    2.8935981757E-12
    64   101    8.9895896445E-12
    64   102    3.4292619742E-12
    64   103    9.2971355010E-12
    65    98    1.1957569537E-12
    65    99    8.1679856699E-12
    65   100    2.6009169590E-12
    65   101    8.8436864304E-12
    65   102    3.0763492068E-12
    65   103    9.2225939967E-12
