     0     1    6.4893728281E+00
    30    43    2.9895991925E-09
    30    44    2.6072724750E-03
    30    45    2.8287973121E-02
    30    46    2.8404979953E-03
    30    47    2.8837619991E-02
    30    48    3.0247934156E-03
    31    43    7.7248354025E-10
    31    44    2.6862589089E-02
    31    45    9.7301839375E-02
    31    46    2.7401783714E-02
    31    47    9.6786828327E-02
    31    48    2.7867631890E-02
    31    49    9.6268313510E-02
    31    50    2.9928193450E-02
    31    51    9.4070365293E-02
    32    43    8.6895785459E-09
    32    44    3.6986974371E-03
    32    45    2.3278293529E-02
    32    46    3.9661845581E-03
    32    47    2.3695165354E-02
    32    48    4.2242076358E-03
    32    49    2.4030869336E-02
    32    50    7.4213086804E-03
    32    51    2.3316513939E-02
    32    52    6.3872711515E-03
    32    53    2.2792749373E-02
    32    54    4.6944786607E-03
    33    44    9.2774380520E-07
    33    45    5.9515466685E-02
    33    46    1.8447947633E-02
    33    47    5.9263115467E-02
    33    48    2.4792261819E-02
    33    49    7.9683392494E-02
    33    50    2.6684207997E-02
    33    51    7.7891837456E-02
    33    52    2.8394105198E-02
    33    53    7.6019847416E-02
    33    54    2.7971453275E-02
    33    55    5.5423165530E-02
    34    45    4.9553714642E-08
    34    46    2.5817539825E-03
    34    47    1.3430084330E-02
    34    48    3.3974526839E-03
    34    49    1.6957148788E-02
    34    50    4.2280719377E-03
    34    51    1.6615053321E-02
    34    52    4.7514733535E-03
    34    53    1.6459134331E-02
    34    54    5.4226628832E-03
    34    55    1.6073231592E-02
    34    56    6.2812073629E-03
    34    57    1.5280307817E-02
    35    46    2.9234413086E-06
    35    47    2.9609509761E-02
    35    48    9.0170396063E-03
    35    49    3.6148922241E-02
    35    50    1.1399777158E-02
    35    51    3.5579406102E-02
    35    52    1.2032618984E-02
    35    53    3.4994507996E-02
    35    54    1.2750541983E-02
    35    55    3.4234742834E-02
    35    56    1.3672218442E-02
    35    57    3.3135258248E-02
    35    58    1.4904244829E-02
    35    59    3.1345628167E-02
    36    47    1.1141341394E-07
    36    48    1.0686494956E-03
    36    49    6.1252179615E-03
    36    50    1.4164545717E-03
    36    51    6.1344620248E-03
    36    52    1.6002937137E-03
    36    53    6.1452323474E-03
    36    54    1.8378175406E-03
    36    55    6.0623069926E-03
    36    56    2.0845402451E-03
    36    57    5.9225911704E-03
    36    58    2.3830244915E-03
    36    59    5.6873804781E-03
    36    60    2.6441867480E-03
    36    61    5.3563226157E-03
    37    48    5.8691304880E-06
    37    49    1.0894598167E-02
    37    50    3.4008933940E-03
    37    51    1.2068225078E-02
    37    52    3.6175849932E-03
    37    53    1.1975934121E-02
    37    54    3.8407433732E-03
    37    55    1.1810792687E-02
    37    56    4.1705017250E-03
    37    57    1.1478792035E-02
    37    58    4.5060881092E-03
    37    59    1.1065475952E-02
    37    60    4.7986819081E-03
    37    61    1.0630843224E-02
    37    62    3.6859190674E-03
    37    63    9.2762205956E-04
    38    49    1.2378515372E-07
    38    50    2.8940084180E-04
    38    51    1.4769312933E-03
    38    52    3.4348096369E-04
    38    53    1.5089019302E-03
    38    54    3.9534326868E-04
    38    55    1.5181952030E-03
    38    56    4.4764434028E-04
    38    57    1.5137339078E-03
    38    58    5.0601707263E-04
    38    59    1.4844132349E-03
    38    60    5.7180644480E-04
    38    61    1.4288583422E-03
    38    62    6.4643096023E-04
    38    63    1.3493805260E-03
    38    64    3.5484796270E-04
    38    65    6.5591593574E-05
    39    51    2.1208167190E-06
    39    52    6.8394397548E-04
    39    53    2.6921758926E-03
    39    54    7.3913343309E-04
    39    55    2.6907215214E-03
    39    56    8.0965185753E-04
    39    57    2.6493963389E-03
    39    58    8.7976425282E-04
    39    59    2.5934707924E-03
    39    60    9.5430612534E-04
    39    61    2.4880395418E-03
    39    62    1.0376075323E-03
    39    63    2.3556939521E-03
    39    64    1.1313733735E-03
    39    65    2.1482799591E-03
    39    66    2.2559821636E-05
    40    52    7.4090980926E-06
    40    53    2.1285388037E-04
    40    54    4.7959931828E-05
    40    55    2.2041543428E-04
    40    56    5.6183438772E-05
    40    57    2.2398028768E-04
    40    58    6.4229193708E-05
    40    59    2.2532995964E-04
    40    60    7.2920280135E-05
    40    61    2.2176514015E-04
    40    62    8.1989313844E-05
    40    63    2.1387550248E-04
    40    64    9.0949795509E-05
    40    65    2.0063840205E-04
    40    66    4.4241983565E-05
    40    67    4.1115247231E-06
    40    68    7.1562919715E-07
    41    53    4.3483776046E-07
    41    54    7.7833700674E-05
    41    55    3.4175325705E-04
    41    56    8.6331759183E-05
    41    57    3.4492289693E-04
    41    58    9.6814276853E-05
    41    59    3.4136788961E-04
    41    60    1.0678772802E-04
    41    61    3.3946812937E-04
    41    62    1.7419383268E-04
    41    63    4.7320863181E-04
    41    64    1.7157576373E-04
    41    65    4.0072325846E-04
    41    66    1.5373091422E-04
    41    67    3.1645148056E-04
    41    68    6.7505856066E-05
    41    69    4.2490597799E-06
    41    70    7.8978119562E-07
    42    55    3.3046395302E-08
    42    56    3.3149821834E-06
    42    57    1.6615363397E-05
    42    58    3.9550712122E-06
    42    59    1.7162834611E-05
    42    60    5.4173227743E-06
    42    61    2.5462378869E-05
    42    62    7.1819705972E-06
    42    63    2.3526210747E-05
    42    64    7.1162911027E-06
    42    65    2.0049384819E-05
    42    66    6.8143231339E-06
    42    67    1.6478057640E-05
    42    68    6.5627345857E-06
    42    69    1.4020140358E-05
    42    70    8.2629908902E-08
    42    71    8.6232896674E-08
    43    56    5.8613370925E-09
    43    57    1.5230929364E-07
    43    58    4.8820473548E-06
    43    59    2.1518159367E-05
    43    60    5.4767674495E-06
    43    61    2.1644186213E-05
    43    62    8.2009354152E-06
    43    63    2.9574633815E-05
    43    64    8.3042325138E-06
    43    65    2.5008071038E-05
    43    66    8.0665637454E-06
    43    67    2.1739174871E-05
    43    68    7.5986773740E-06
    43    69    1.7145666655E-05
    43    70    3.3940309375E-06
    43    71    5.8099052758E-07
    43    72    2.9239525070E-08
    43    73    5.4303969668E-08
    44    57    1.4757274162E-12
    44    58    1.3892593778E-10
    44    59    2.5368037025E-09
    44    60    1.1770656196E-07
    44    61    5.8876767270E-07
    44    62    1.6114835308E-07
    44    63    6.9226369457E-07
    44    64    2.4149318126E-07
    44    65    9.2685765204E-07
    44    66    2.6673529178E-07
    44    67    9.0369422419E-07
    44    68    2.9286907489E-07
    44    69    8.5456781801E-07
    44    70    2.3171031016E-07
    44    71    4.5933044289E-07
    44    72    1.4097728966E-08
    44    73    5.9155972682E-10
    44    74    5.6489687125E-11
    45    59    1.1853787029E-12
    45    60    1.0330933048E-10
    45    61    2.4963979459E-09
    45    62    1.2646142302E-07
    45    63    6.1448642789E-07
    45    64    1.3752407773E-07
    45    65    5.7108670475E-07
    45    66    5.7184517042E-07
    45    67    2.0647175125E-06
    45    68    6.4278190507E-07
    45    69    2.0378351807E-06
    45    70    7.3050030803E-07
    45    71    2.0347720348E-06
    45    72    3.6409992037E-07
    45    73    2.1270206912E-07
    45    74    6.1919799420E-11
    45    75    1.2848702695E-10
    46    60    1.3859014847E-13
    46    61    2.6007519943E-12
    46    62    4.1583269048E-13
    46    63    2.4650656992E-11
    46    64    1.5224336781E-09
    46    65    7.8032123960E-09
    46    66    2.0870547709E-08
    46    67    1.9578600440E-07
    46    68    5.3978175843E-08
    46    69    2.0899439200E-07
    46    70    6.4581255477E-08
    46    71    2.1833609844E-07
    46    72    7.4084888503E-08
    46    73    2.2097411321E-07
    46    74    9.0274004015E-09
    46    75    3.0990037255E-13
    47    62    6.2273752168E-14
    47    63    1.1678129014E-12
    47    64    3.4919560868E-12
    47    65    6.4796778823E-11
    47    66    1.0078028753E-09
    47    67    4.8607782952E-09
    47    68    8.9165807053E-08
    47    69    8.8830782153E-07
    47    70    2.6142600956E-07
    47    71    9.2571786330E-07
    47    72    3.0205352683E-07
    47    73    9.3645596207E-07
    47    74    1.0978460881E-07
    47    75    2.1609810700E-07
    47    76    8.8092421743E-10
    48    64    1.1932491941E-16
    48    65    2.1200675628E-15
    48    66    1.3090157451E-13
    48    67    1.8939605099E-12
    48    68    1.3252775511E-12
    48    69    1.0269034250E-11
    48    70    1.1925602098E-08
    48    71    1.1559427388E-07
    48    72    7.0954470358E-09
    48    73    3.5890479483E-08
    48    74    1.4324031638E-10
    48    75    6.1993611756E-10
    48    76    8.1619349137E-12
    48    77    3.3172977006E-11
    48    78    1.6994869054E-17
    48    79    7.6382043052E-17
    48    80    2.7568550741E-16
    48    81    9.4927321212E-16
    48    82    1.5721024709E-16
    49    66    5.2309559209E-06
    49    67    4.2158636950E-04
    49    68    9.6779929831E-05
    49    69    1.0686972937E-03
    49    70    2.2981181678E-04
    49    71    1.3179057230E-03
    49    72    3.3785031444E-04
    49    73    2.6339255891E-03
    49    74    9.9251519503E-04
    49    75    5.2126637050E-03
    49    76    1.0576606989E-03
    49    77    5.2349031227E-03
    49    78    6.2786911813E-04
    49    79    1.7546566507E-03
    49    80    4.2439815643E-04
    49    81    1.4070781434E-03
    49    82    4.4240123388E-04
    49    83    3.2440606776E-04
    49    84    7.2877266548E-05
    50    68    2.0653746418E-06
    50    69    1.0479124235E-04
    50    70    2.2393925406E-05
    50    71    1.9177688181E-04
    50    72    5.8837325865E-05
    50    73    8.9044062942E-04
    50    74    1.3323380184E-04
    50    75    9.0563408941E-04
    50    76    1.6395259402E-04
    50    77    5.1509629995E-04
    50    78    7.1547341665E-05
    50    79    2.7835930119E-04
    50    80    7.2613290609E-05
    50    81    2.8243427927E-04
    50    82    1.4946165934E-04
    50    83    2.7641844926E-04
    50    84    8.8686216488E-05
    50    85    5.1434141332E-05
    50    86    1.0133553085E-05
    51    74    3.0519682127E-05
    51    75    5.1668924285E-03
    51    76    5.7157200138E-04
    51    77    1.7439271812E-03
    51    78    3.4926639814E-04
    51    79    1.4810526335E-03
    51    80    3.6875065717E-04
    51    81    1.6304281345E-03
    51    82    7.9627767516E-04
    51    83    2.3703592726E-03
    51    84    1.7451452283E-03
    51    85    5.7425592292E-03
    51    86    1.2304265515E-03
    51    87    2.1495094469E-04
    51    88    5.4480924476E-05
    52    75    2.0730837924E-07
    52    76    3.6859692653E-05
    52    77    2.6452557978E-04
    52    78    4.9897416606E-05
    52    79    2.6627578659E-04
    52    80    5.9239804161E-05
    52    81    3.4564113578E-04
    52    82    1.8356360591E-04
    52    83    8.5363239864E-04
    52    84    3.0096750577E-04
    52    85    1.0037105892E-03
    52    86    3.5398159549E-04
    52    87    9.6086212190E-04
    52    88    2.7341574897E-05
    52    89    3.5377712159E-05
    52    90    7.8446745814E-06
    53    75    4.5420085980E-07
    53    76    1.0770781809E-04
    53    77    3.8313841909E-04
    53    78    2.8201957991E-04
    53    79    1.4961314509E-03
    53    80    3.7909052808E-04
    53    81    2.5760950914E-03
    53    82    1.2226172173E-03
    53    83    6.0782896096E-03
    53    84    1.5256715324E-03
    53    85    5.9629664416E-03
    53    86    1.6268329406E-03
    53    87    3.8675326858E-03
    53    88    4.8859904934E-04
    53    89    1.4739433944E-04
    53    90    9.9086576951E-05
    53    91    1.2716586017E-04
    54    76    1.5155125775E-06
    54    77    4.8391441308E-05
    54    78    1.2665263840E-05
    54    79    3.2189761764E-04
    54    80    6.8600939210E-05
    54    81    9.2126269399E-04
    54    82    1.9758832509E-04
    54    83    1.0645481241E-03
    54    84    2.2541778408E-04
    54    85    1.0577020648E-03
    54    86    1.7106133568E-04
    54    87    3.7171965868E-04
    54    88    1.0413882347E-04
    54    89    2.0518250121E-04
    54    90    1.4439351677E-05
    54    91    2.2460517461E-05
    54    92    3.5082047327E-05
    55    77    1.9327500980E-07
    55    78    3.1345387172E-05
    55    79    1.2839514663E-04
    55    80    9.1733108431E-04
    55    81    6.1728313330E-03
    55    82    1.2244364316E-03
    55    83    6.0752604026E-03
    55    84    1.2964861617E-03
    55    85    4.0416339281E-03
    55    86    5.8834847310E-04
    55    87    1.4257327487E-03
    55    88    4.1540050902E-04
    55    89    9.3548520327E-04
    55    90    4.4161075235E-05
    55    91    7.6357191027E-05
    55    92    4.7244234537E-05
    55    93    7.1073552526E-05
    55    94    1.8069853002E-05
    56    79    2.9357670311E-08
    56    80    4.5033641764E-06
    56    81    1.0896716113E-03
    56    82    1.5752649728E-04
    56    83    1.0850585513E-03
    56    84    1.2965179216E-04
    56    85    3.8677356540E-04
    56    86    7.2450608228E-05
    56    87    2.1688862761E-04
    56    88    6.2126027723E-05
    56    89    1.6420194609E-04
    56    90    2.9836394039E-05
    56    91    1.0630925491E-05
    56    92    5.7970881995E-06
    56    93    1.0124150852E-05
    56    94    6.3254272659E-06
    56    95    9.2122562277E-06
    57    80    1.2336931682E-06
    57    81    4.1310864029E-05
    57    82    1.1996291105E-05
    57    83    3.9665660279E-05
    57    84    4.7496722900E-04
    57    85    1.4467320836E-03
    57    86    3.1137671118E-04
    57    87    9.6760478816E-04
    57    88    2.6982553395E-04
    57    89    7.6672433083E-04
    57    90    1.4570009091E-05
    57    91    3.1255110193E-05
    57    92    1.5642886132E-05
    57    93    2.9764956719E-05
    57    94    1.6812678409E-05
    57    95    2.8181188730E-05
    57    96    1.7580269438E-05
    57    97    2.5915324567E-05
    58    82    3.8851095929E-07
    58    83    3.8292135468E-06
    58    84    1.1207780032E-06
    58    85    3.7651776482E-06
    58    86    1.2416552557E-06
    58    87    3.6770632647E-06
    58    88    1.3490419922E-06
    58    89    3.6076047813E-06
    58    90    1.4337210268E-06
    58    91    3.5656894323E-06
    58    92    1.5672154312E-06
    58    93    3.4709506873E-06
    58    94    1.7200438628E-06
    58    95    3.3614357762E-06
    58    96    1.8856118868E-06
    58    97    3.2297740709E-06
    58    98    6.9668341303E-07
    59    84    9.5996279034E-07
    59    85    9.7892731421E-06
    59    86    3.0805531396E-06
    59    87    9.6083205273E-06
    59    88    3.3627696079E-06
    59    89    9.3333263197E-06
    59    90    3.6140593993E-06
    59    91    9.1004391607E-06
    59    92    3.7972160344E-06
    59    93    8.9317361988E-06
    59    94    4.0954655753E-06
    59    95    8.6300134993E-06
    59    96    4.4347522456E-06
    59    97    8.2911080873E-06
    59    98    4.6615054632E-06
    59    99    7.7667372901E-06
    60    85    5.1754492340E-09
    60    86    2.2361350305E-07
    60    87    8.1610367494E-07
    60    88    2.4620906370E-07
    60    89    8.2259429552E-07
    60    90    2.7820237234E-07
    60    91    8.1856009541E-07
    60    92    2.9988197218E-07
    60    93    8.2336321705E-07
    60    94    3.3100855134E-07
    60    95    8.1626906337E-07
    60    96    3.6522125939E-07
    60    97    8.0223152417E-07
    60    98    3.9243531512E-07
    60    99    7.9448603519E-07
    60   100    1.6060832503E-07
    60   101    1.7086553404E-10
    61    87    1.3148974275E-08
    61    88    5.5093202457E-07
    61    89    1.8739199255E-06
    61    90    6.1085024988E-07
    61    91    1.8596989918E-06
    61    92    6.5057731812E-07
    61    93    1.8618192872E-06
    61    94    7.0779727544E-07
    61    95    1.8401181285E-06
    61    96    7.7011955062E-07
    61    97    1.8079746031E-06
    61    98    8.3792590866E-07
    61    99    1.7608069194E-06
    61   100    8.8896386479E-07
    61   101    1.6795953824E-06
    61   102    3.9969488678E-11
    62    89    8.6744869400E-10
    62    90    3.5324480846E-08
    62    91    1.2675374237E-07
    62    92    3.9715412317E-08
    62    93    1.2977772351E-07
    62    94    4.3484419761E-08
    62    95    1.3290895196E-07
    62    96    4.8607194771E-08
    62    97    1.3418688460E-07
    62    98    5.4210823817E-08
    62    99    1.3427038336E-07
    62   100    5.8701081283E-08
    62   101    1.3468058158E-07
    62   102    2.5640666961E-08
    62   103    5.8898485368E-12
    63    91    1.9510973463E-09
    63    92    7.6487599892E-08
    63    93    2.5870312949E-07
    63    94    8.4686726164E-08
    63    95    2.6208337666E-07
    63    96    9.1472364054E-08
    63    97    2.6568427234E-07
    63    98    1.0071630587E-07
    63    99    2.6541691468E-07
    63   100    1.1070969070E-07
    63   101    2.6289523807E-07
    63   102    5.3252828560E-08
    63   103    7.1292151056E-12
    63   104    1.0526583296E-12
    64    93    9.3722923885E-11
    64    94    3.8186512758E-09
    64    95    1.3989313608E-08
    64    96    4.3644861046E-09
    64    97    1.4532723000E-08
    64    98    4.8437604208E-09
    64    99    1.5068712215E-08
    64   100    5.4805758793E-09
    64   101    1.5366773649E-08
    64   102    6.1751827097E-09
    64   103    1.5237774819E-08
    64   104    4.8101415429E-14
    64   105    1.2428104470E-13
    65    95    4.8314081685E-16
    65    96    3.0810348003E-09
    65    97    2.5306770766E-08
    65    98    8.1544297754E-09
    65    99    2.5978479286E-08
    65   100    8.9376684309E-09
    65   101    2.6638596481E-08
    65   102    9.9647613343E-09
    65   103    2.6453160257E-08
    65   104    4.3136365790E-14
    65   105    1.2640862207E-13
    65   106    1.6922325160E-14
    66    96    9.6189061490E-17
    66    97    9.0665729048E-16
    66    98    2.2935619333E-16
    66    99    1.0597805186E-15
    66   100    1.5559803210E-10
    66   101    1.1196953022E-09
    66   102    3.5944012523E-16
    66   103    1.3597386021E-15
    66   104    4.4427894523E-16
    66   105    1.4860074976E-15
    66   106    5.2288360274E-16
    66   107    1.5852312119E-15
    67    99    4.6349642874E-18
    67   100    2.2023534255E-16
    67   101    9.9490457105E-16
    67   102    2.7033225918E-16
    67   103    1.1287628818E-15
    67   104    3.3473386823E-16
    67   105    1.2443388334E-15
    67   106    4.0821567047E-16
    67   107    1.3286767698E-15
    68   102    1.0232158003E-18
    68   103    8.1721738751E-18
    68   104    2.1819568721E-18
    68   105    9.6222942808E-18
    68   106    2.8053731213E-18
    68   107    1.0870019838E-17
