     0     1    3.8751983642E+00
    34    45    6.7606054586E-07
    34    46    3.0507516188E-04
    34    47    2.4341968915E-03
    34    48    3.5965606168E-03
    34    49    2.4169693430E-03
    34    50    2.7663709792E-04
    35    45    1.1736191733E-06
    35    46    1.1246031329E-03
    35    47    7.3221876663E-03
    35    48    1.8740044734E-02
    35    49    9.4576524052E-02
    35    50    1.9314735853E-02
    35    51    6.4646837664E-03
    35    52    1.0638433554E-03
    36    46    6.0843894300E-06
    36    47    3.8585630698E-04
    36    48    1.3772713869E-03
    36    49    1.0325467807E-02
    36    50    1.9388947363E-03
    36    51    1.0034141243E-02
    36    52    1.4964949390E-03
    36    53    3.6167222409E-04
    36    54    1.1839719443E-04
    36    55    3.3840695195E-04
    37    47    3.0271543045E-07
    37    48    2.0129393078E-04
    37    49    2.8092884235E-02
    37    50    5.9978485795E-03
    37    51    2.7258643151E-02
    37    52    6.5610559967E-03
    37    53    2.6491359793E-02
    37    54    5.4091994191E-03
    37    55    8.2003669237E-04
    37    56    2.8528496479E-04
    37    57    7.4757941695E-04
    38    47    1.1239082136E-08
    38    48    3.3093600896E-06
    38    49    3.1649328253E-05
    38    50    3.7148327768E-04
    38    51    2.1721480911E-03
    38    52    4.3828198918E-04
    38    53    2.1927488239E-03
    38    54    5.1826817261E-04
    38    55    2.1675729299E-03
    38    56    3.3090633954E-04
    38    57    3.0889148842E-05
    38    58    1.0379729611E-05
    38    59    2.9065813560E-05
    39    48    8.0855189120E-07
    39    49    5.9641773431E-05
    39    50    1.3092100727E-04
    39    51    4.9950520992E-03
    39    52    1.0531433539E-03
    39    53    4.9595519975E-03
    39    54    1.1615474624E-03
    39    55    4.8961954634E-03
    39    56    1.2999419153E-03
    39    57    4.7163832543E-03
    39    58    8.9640550544E-04
    39    59    5.4059131981E-05
    39    60    7.6095442843E-06
    40    49    4.3310603518E-10
    40    50    1.4170093244E-07
    40    51    1.4367361400E-06
    40    52    4.3355266114E-05
    40    53    2.6037688011E-04
    40    54    5.2260693391E-05
    40    55    2.6871029043E-04
    40    56    6.2195534679E-05
    40    57    2.7051820905E-04
    40    58    7.1286288698E-05
    40    59    2.6706466938E-04
    40    60    3.9122045468E-05
    40    61    1.2638361821E-06
    40    62    1.4138757788E-07
    41    50    6.2541189334E-08
    41    51    1.5936062207E-06
    41    52    1.6427456957E-05
    41    53    4.8674056980E-04
    41    54    9.7776835599E-05
    41    55    4.9332046148E-04
    41    56    1.1089236144E-04
    41    57    4.9915706734E-04
    41    58    1.2616797972E-04
    41    59    4.8897414050E-04
    41    60    1.3755228385E-04
    41    61    4.6335998924E-04
    41    62    5.2308602633E-07
    41    63    1.6462820493E-06
    41    64    2.0598590444E-07
    42    51    1.2908738735E-11
    42    52    1.8284602690E-09
    42    53    3.7110629550E-08
    42    54    2.3666949541E-06
    42    55    1.5501516791E-05
    42    56    2.9110445423E-06
    42    57    1.6403903089E-05
    42    58    3.6008917944E-06
    42    59    1.7325375746E-05
    42    60    4.1878309064E-06
    42    61    1.7538768852E-05
    42    62    4.6613576215E-06
    42    63    1.6737605575E-05
    42    64    6.5154856273E-09
    42    65    2.2119934526E-08
    42    66    2.2336222339E-09
    43    52    5.7045305334E-10
    43    53    1.6661338161E-08
    43    54    2.3389421553E-09
    43    55    5.8622958692E-08
    43    56    4.1416449871E-06
    43    57    2.3549963048E-05
    43    58    5.0290490660E-06
    43    59    2.6178316648E-05
    43    60    6.0152027743E-06
    43    61    2.6438711796E-05
    43    62    6.4608510094E-06
    43    63    2.3699705396E-05
    43    64    3.4727912375E-06
    43    65    2.1857325313E-08
    43    66    6.2485368643E-09
    43    67    2.0202133458E-08
    44    53    5.0004758601E-14
    44    54    8.0254271352E-12
    44    55    8.9403424971E-11
    44    56    1.8379107748E-08
    44    57    4.0574763099E-07
    44    58    6.8458394674E-08
    44    59    4.4676137134E-07
    44    60    1.1383714182E-07
    44    61    6.3730528864E-07
    44    62    1.3776760434E-07
    44    63    6.7402001471E-07
    44    64    1.3847116432E-07
    44    65    4.9295943051E-07
    44    66    5.7924444355E-08
    44    67    1.5357907650E-10
    44    68    4.1433203656E-11
    44    69    1.4356673421E-10
    45    55    4.8655721413E-14
    45    56    7.1643523159E-12
    45    57    7.4216827500E-10
    45    58    7.0322259456E-08
    45    59    4.7309639239E-07
    45    60    8.5629103909E-08
    45    61    5.0418982567E-07
    45    62    2.9313541446E-07
    45    63    1.4910486027E-06
    45    64    1.0599730540E-05
    45    65    1.4618253839E-01
    45    66    1.4339237000E-02
    45    67    1.3705438932E-01
    45    68    2.4293477616E-11
    45    69    9.7016089525E-11
    45    70    2.5694429521E-11
    45    71    8.6178922376E-11
    46    56    4.7576938557E-15
    46    57    1.5013187786E-13
    46    58    1.7783698132E-14
    46    59    6.0723827513E-12
    46    60    6.2046596967E-10
    46    61    4.7332801216E-09
    46    62    5.1469274832E-09
    46    63    7.2847771700E-08
    46    64    6.2746251009E-06
    46    65    1.4104748253E-02
    46    66    6.5419894901E-04
    46    67    1.3561946414E-02
    46    68    6.8440214121E-04
    46    69    1.2829260904E-02
    46    70    6.4257088990E-04
    46    71    3.2833570660E-13
    46    72    2.4511845454E-14
    47    57    3.7604451210E-17
    47    58    6.6481151164E-15
    47    59    8.2019040539E-14
    47    60    1.4971368447E-10
    47    61    3.4975723745E-09
    47    62    5.4432139982E-10
    47    63    3.8750848971E-09
    47    64    1.2748082891E-06
    47    65    1.3545598131E-01
    47    66    1.3391245651E-02
    47    67    1.2586336000E-01
    47    68    1.2745322146E-02
    47    69    1.1503751405E-01
    47    70    1.1903990938E-02
    47    71    1.0256579677E-01
    47    72    1.0683576473E-02
    47    73    1.1858431446E-13
    47    74    8.6649294809E-15
    48    59    4.2351647363E-20
    48    60    7.4352552110E-18
    48    61    1.0428076724E-16
    48    62    7.4776622543E-13
    48    63    1.7302604125E-11
    48    64    3.0434043635E-12
    48    65    2.9204746463E-09
    48    66    6.1459987687E-04
    48    67    1.2524628946E-02
    48    68    6.2602438128E-04
    48    69    1.1685241322E-02
    48    70    6.3319826608E-04
    48    71    1.0557179585E-02
    48    72    6.3180339357E-04
    48    73    9.0552728558E-03
    48    74    5.1936134791E-04
    48    75    1.3611567883E-16
    49    60    6.7296767659E-19
    49    61    2.4793501399E-17
    49    62    2.6774711463E-18
    49    63    9.9996406825E-15
    49    64    1.1243350441E-12
    49    65    9.6330979065E-12
    49    66    5.4401544298E-07
    49    67    1.1341253460E-01
    49    68    1.1509562028E-02
    49    69    1.0139779009E-01
    49    70    1.0461214554E-02
    49    71    8.7144848761E-02
    49    72    9.0703183108E-03
    49    73    6.9776437756E-02
    49    74    7.2476252087E-03
    49    75    4.8140662032E-02
    49    76    1.2470823097E-18
    50    62    8.4703294725E-22
    50    63    1.3552527156E-20
    50    64    8.4703294725E-22
    50    65    1.8880364394E-17
    50    66    2.3135984976E-15
    50    67    2.0581260909E-09
    50    68    5.7580437374E-04
    50    69    1.0270490322E-02
    50    70    5.5939396581E-04
    50    71    8.8903899724E-03
    50    72    5.2105307693E-04
    50    73    7.0037767840E-03
    50    74    4.5918283613E-04
    50    75    4.4273211071E-03
    50    76    3.0698722329E-04
    50    77    1.2399175592E-03
    50    80    1.1314094034E-24
    51    65    2.5410988418E-21
    51    67    6.8330147855E-18
    51    68    4.8093789496E-07
    51    69    8.5756457316E-02
    51    70    8.7537094510E-03
    51    71    6.8880565570E-02
    51    72    6.9503327939E-03
    51    73    4.7754258764E-02
    51    74    4.5116194127E-03
    51    75    2.1899126123E-02
    51    76    1.3406160068E-03
    51    77    8.3982795403E-04
    51    78    1.4323020755E-04
    51    82    1.9899809942E-22
    52    68    3.3881317890E-21
    52    69    2.7207806694E-09
    52    70    4.7846074445E-04
    52    71    6.8209035853E-03
    52    72    4.0364695709E-04
    52    73    4.3758561172E-03
    52    74    2.6499081980E-04
    52    75    1.2633283088E-03
    52    76    2.7577260982E-05
    52    77    1.3784204206E-04
    52    78    6.3297716790E-05
    52    79    1.2486047151E-03
    52    80    2.6917142340E-04
    52    84    2.2822781919E-25
    53    66    1.8812270255E-07
    53    67    8.6071941486E-06
    53    68    1.7949312053E-06
    53    69    9.4160270510E-06
    53    70    3.5245403995E-06
    53    71    4.9697051039E-05
    53    72    1.3782060413E-05
    53    73    7.6728602403E-05
    53    74    5.7402645169E-05
    53    75    1.0855070049E-03
    53    76    2.5318091238E-04
    53    77    1.0565468005E-03
    53    78    3.1901732612E-05
    53    79    7.4683520327E-05
    53    80    1.6671650080E-05
    53    81    5.2355004791E-05
    53    82    3.4961190371E-06
    53    83    6.5455008813E-06
    53    84    3.1703454600E-06
    53    85    5.3222762218E-06
    54    67    1.1993355932E-09
    54    68    1.8813171899E-07
    54    69    1.1664738327E-06
    54    70    2.4604292849E-07
    54    71    1.5781368496E-06
    54    72    2.3632787380E-06
    54    73    2.3391903077E-05
    54    74    2.8751386380E-05
    54    75    1.8732286902E-04
    54    76    2.4814780020E-05
    54    77    2.3308872604E-05
    54    78    2.9038139408E-06
    54    79    1.0423175093E-05
    54    80    2.4905917064E-06
    54    81    9.7223348684E-06
    54    82    5.0125554521E-06
    54    83    1.2864565581E-05
    54    84    3.5134382281E-07
    54    85    7.1658988312E-07
    54    86    3.5324580920E-07
    54    87    6.2338439047E-07
    55    69    7.1324322540E-09
    55    70    1.1544097452E-06
    55    71    7.7972757214E-06
    55    72    4.4486542495E-06
    55    73    9.6443573969E-05
    55    74    1.8771439737E-04
    55    75    9.4775311361E-04
    55    76    2.2488764910E-05
    55    77    6.7740801243E-05
    55    78    1.3008655504E-05
    55    79    4.9063015312E-05
    55    80    1.3592047859E-05
    55    81    5.8473562713E-05
    55    82    9.8424144483E-05
    55    83    5.0070804843E-04
    55    84    1.5289794574E-04
    55    85    2.3821588538E-06
    55    86    1.0924602344E-06
    55    87    2.1401920519E-06
    55    88    4.5006035147E-07
    56    71    8.0815602821E-09
    56    72    1.2900830167E-06
    56    73    1.1078291071E-08
    56    74    1.8473686041E-06
    56    75    1.8218275118E-05
    56    76    1.6531640246E-06
    56    77    6.0268140551E-06
    56    78    1.9622021694E-06
    56    79    9.2966182125E-06
    56    80    2.8480871007E-06
    56    81    1.7708321892E-05
    56    82    3.3950558483E-05
    56    83    1.4496229435E-04
    56    84    2.5812142579E-05
    56    85    1.5888263951E-05
    56    86    1.0386317456E-07
    56    87    2.3847485413E-07
    56    88    1.0753625105E-07
    56    89    2.2097138375E-07
    56    90    4.2550659003E-08
    57    75    3.2268207107E-09
    57    76    1.0088601882E-06
    57    77    2.4653790092E-05
    57    78    6.1161128958E-06
    57    79    5.7226164310E-05
    57    80    3.3032094927E-05
    57    81    5.5347156622E-04
    57    82    2.3658801974E-04
    57    83    8.3007046381E-04
    57    84    2.8368778561E-05
    57    85    4.8623036943E-05
    57    86    5.6086542963E-06
    57    87    6.9160671961E-07
    57    88    2.8982535917E-07
    57    89    6.3913465723E-07
    57    90    2.9103643112E-07
    57    91    5.8368520809E-07
    58    76    2.8890032941E-09
    58    77    1.0596884992E-07
    58    78    7.1134944527E-07
    58    79    3.2135776031E-06
    58    80    4.0212542774E-06
    58    81    1.5772232948E-04
    58    82    2.5516216357E-05
    58    83    1.9319988394E-05
    58    84    2.8165564334E-06
    58    85    7.3396537836E-06
    58    86    1.7704581220E-06
    58    87    3.3621644076E-06
    58    88    2.2812291604E-08
    58    89    5.8816531679E-08
    58    90    2.3394894794E-08
    58    91    5.6248194024E-08
    58    92    1.0354251784E-08
    59    77    3.7517698549E-10
    59    78    4.3579095825E-08
    59    79    2.4530131522E-07
    59    80    3.3185256135E-06
    59    81    1.3870246919E-05
    59    82    2.5652589333E-05
    59    83    5.0968462135E-05
    59    84    1.1355446720E-05
    59    85    3.1317124570E-05
    59    86    9.3774711805E-06
    59    87    2.5175771740E-05
    59    88    5.4459104172E-08
    59    89    1.4822496364E-07
    59    90    5.6501569855E-08
    59    91    1.3973651479E-07
    59    92    5.7385286020E-08
    59    93    1.3271687739E-07
    59    94    2.6376369391E-08
    60    79    2.0723184034E-11
    60    80    2.2815859283E-09
    60    81    1.8223284326E-08
    60    82    6.5157631767E-07
    60    83    2.3460057610E-06
    60    84    9.8846054988E-07
    60    85    5.7503767519E-06
    60    86    1.5976043621E-06
    60    87    4.9509378006E-06
    60    88    3.3062164898E-09
    60    89    1.0794575115E-08
    60    90    3.5906466998E-09
    60    91    1.0360087541E-08
    60    92    3.7290586941E-09
    60    93    1.0061935085E-08
    60    94    3.9705400896E-09
    60    95    9.4662551247E-09
    61    80    7.0807595285E-10
    61    81    2.8102574957E-08
    61    82    6.2176970089E-09
    61    83    2.6331289014E-08
    61    84    8.6284344996E-07
    61    85    1.0683863424E-05
    61    86    3.2078361661E-06
    61    87    1.0022916107E-05
    61    88    7.0125477391E-09
    61    89    2.3759549571E-08
    61    90    7.4823818371E-09
    61    91    2.2727860666E-08
    61    92    7.6790838298E-09
    61    93    2.1955128036E-08
    61    94    8.0612662680E-09
    61    95    2.0955011376E-08
    61    96    3.9489891474E-09
    62    82    7.8393071823E-11
    62    83    1.3293325198E-09
    62    84    2.8956726752E-10
    62    85    1.3267813574E-09
    62    86    3.1093391305E-10
    62    87    1.3247338927E-09
    62    88    3.3444905589E-10
    62    89    1.3182546205E-09
    62    90    3.6692857542E-10
    62    91    1.2975582756E-09
    62    92    3.9516406443E-10
    62    93    1.2764011696E-09
    62    94    4.1538764845E-10
    62    95    1.2578053710E-09
    62    96    4.4647466899E-10
    62    97    1.2233310147E-09
    62    98    2.1027986468E-10
    63    84    1.5229814558E-10
    63    85    2.5849488149E-09
    63    86    5.8789134090E-10
    63    87    2.5624879162E-09
    63    88    6.2478807880E-10
    63    89    2.5381536215E-09
    63    90    6.7549556341E-10
    63    91    2.4896038246E-09
    63    92    7.1826753195E-10
    63    93    2.4389863680E-09
    63    94    7.6340911870E-10
    63    95    2.3754726900E-09
    63    96    7.9269189120E-10
    63    97    2.3177222565E-09
    63    98    8.4054911408E-10
    63    99    2.1959699822E-09
    64    85    3.2052819397E-13
    64    86    2.0228821959E-11
    64    87    1.0289312503E-10
    64    88    2.2281436516E-11
    64    89    1.0545341138E-10
    64    90    2.4443740851E-11
    64    91    1.0732285748E-10
    64    92    2.7311282677E-11
    64    93    1.0791543190E-10
    64    94    2.9871110055E-11
    64    95    1.0816801503E-10
    64    96    3.2594922055E-11
    64    97    1.0759415223E-10
    64    98    3.4626510345E-11
    64    99    1.0701521426E-10
    64   100    1.7355970254E-11
    65    87    5.9109771555E-13
    65    88    3.6524920285E-11
    65    89    1.7724891699E-10
    65    90    3.9664650701E-11
    65    91    1.7977236660E-10
    65    92    4.3760682425E-11
    65    93    1.8028826954E-10
    65    94    4.7336227880E-11
    65    95    1.8017691294E-10
    65    96    5.1007055337E-11
    65    97    1.7868075266E-10
    65    98    5.4893978821E-11
    65    99    1.7575454318E-10
    65   100    5.7661475299E-11
    65   101    1.7078541871E-10
    66    89    1.7597873503E-14
    66    90    1.0724939850E-12
    66    91    5.6656051175E-12
    66    92    1.2282940405E-12
    66    93    5.8931647404E-12
    66    94    1.3738730239E-12
    66    95    6.0896704143E-12
    66    96    1.5312703023E-12
    66    97    6.2363599121E-12
    66    98    1.6984194202E-12
    66    99    6.3250938504E-12
    66   100    1.8322216167E-12
    66   101    6.3979989248E-12
    66   102    9.7508679336E-13
    67    91    2.8434233660E-14
    67    92    1.7263622545E-12
    67    93    8.5875144716E-12
    67    94    1.9151898763E-12
    67    95    8.8602004863E-12
    67    96    2.1151836623E-12
    67    97    9.0522398673E-12
    67    98    2.3249015492E-12
    67    99    9.1644895814E-12
    67   100    2.5436784637E-12
    67   101    9.1964431540E-12
    67   102    2.7098689232E-12
    67   103    9.1087181628E-12
    68    92    1.1400302834E-14
    68    93    2.0292125219E-13
    68    94    4.0464014111E-14
    68    95    2.1792495515E-13
    68    96    4.6503758824E-14
    68    97    2.3140892685E-13
    68    98    5.3015768452E-14
    68    99    2.4291371459E-13
    68   100    6.0043888806E-14
    68   101    2.5218994509E-13
    68   102    6.7570569365E-14
    68   103    2.5891153100E-13
    68   104    3.7076066812E-14
    69    94    1.5537169397E-14
    69    95    2.7659498362E-13
    69    96    5.6451405237E-14
    69    97    2.9362936846E-13
    69    98    6.3953271119E-14
    69    99    3.0813499064E-13
    69   100    7.1941459273E-14
    69   101    3.1973989428E-13
    69   102    8.0389742172E-14
    69   103    3.2828174044E-13
    69   104    4.7787160094E-14
    70    96    3.0339364918E-16
    70    97    5.3994809790E-15
    70    98    1.0548135173E-15
    70    99    5.9168605616E-15
    70   100    1.2373660581E-15
    70   101    6.3982463262E-15
    70   102    1.4374454047E-15
    70   103    6.8255270142E-15
    70   104    1.6559087543E-15
    70   105    7.1430725876E-15
    71    99    2.2861419246E-17
    71   100    1.3342327460E-15
    71   101    7.1083953610E-15
    71   102    1.5162635145E-15
    71   103    7.6217244321E-15
    71   104    1.7390907779E-15
    71   105    8.0452273532E-15
    71   106    1.0891668404E-15
    72   101    3.3034284943E-19
    72   102    2.0071292718E-17
    72   103    1.1464421534E-16
    72   104    2.4096393283E-17
    72   105    1.2620113288E-16
    72   106    1.5552988747E-17
