     0     1    4.9558378000E+00
    34    47    2.5966338758E-06
    34    48    3.1784907369E-03
    34    49    2.2561126547E-03
    34    50    2.6856533963E-04
    35    47    3.5766517821E-06
    35    48    1.5933628067E-02
    35    49    7.8180275561E-02
    35    50    1.6500564760E-02
    35    51    5.8830565970E-03
    35    52    1.0039565644E-03
    36    47    7.2868415521E-07
    36    48    1.2025368116E-03
    36    49    8.8123218405E-03
    36    50    1.6719548968E-03
    36    51    8.6009497632E-03
    36    52    1.9685070486E-03
    36    53    8.4524442798E-03
    36    54    1.3791781687E-03
    36    55    3.2410575341E-04
    37    47    2.6420104320E-07
    37    48    1.2908557777E-04
    37    49    8.8247909918E-04
    37    50    5.0797925932E-03
    37    51    2.2767440344E-02
    37    52    5.5522252207E-03
    37    53    2.2200480751E-02
    37    54    6.0304277271E-03
    37    55    2.1393889128E-02
    37    56    2.6840238758E-04
    37    57    7.0244887743E-04
    38    48    5.7262536909E-07
    38    49    3.0352090890E-05
    38    50    3.2231961501E-04
    38    51    1.8697698381E-03
    38    52    3.8014071480E-04
    38    53    1.8912861826E-03
    38    54    4.4993144754E-04
    38    55    1.8777316186E-03
    38    56    5.1679128683E-04
    38    57    1.8313267988E-03
    38    58    1.0217377016E-05
    38    59    2.8774460732E-05
    38    60    3.7177874645E-06
    39    49    2.7771343928E-08
    39    50    1.0680655969E-04
    39    51    4.2162188144E-03
    39    52    8.9997690053E-04
    39    53    4.1986219755E-03
    39    54    9.9089566592E-04
    39    55    4.1469731817E-03
    39    56    1.1112255235E-03
    39    57    4.0196600752E-03
    39    58    1.2206618125E-03
    39    59    3.8308448279E-03
    39    60    1.8417094118E-05
    39    61    4.7894543794E-05
    40    50    5.3538379575E-08
    40    51    1.3700399043E-06
    40    52    3.7994690100E-05
    40    53    2.2652407327E-04
    40    54    4.5711582319E-05
    40    55    2.3364333989E-04
    40    56    5.4488009350E-05
    40    57    2.3591300295E-04
    40    58    6.2749168896E-05
    40    59    2.3466090552E-04
    40    60    7.1566306051E-05
    40    61    2.2708068017E-04
    40    62    4.3130101920E-07
    40    63    1.1884931069E-06
    41    51    2.2144570071E-09
    41    52    2.4410509645E-07
    41    53    2.3292161845E-06
    41    54    8.4703060672E-05
    41    55    4.2409683849E-04
    41    56    9.5250951752E-05
    41    57    4.2570791112E-04
    41    58    1.0849754612E-04
    41    59    4.1817276808E-04
    41    60    1.2002485772E-04
    41    61    4.0555685538E-04
    41    62    7.1126542348E-05
    41    63    1.6320332602E-06
    41    64    5.6907963289E-07
    41    65    1.4912704738E-06
    42    52    7.4389182054E-10
    42    53    1.6735404946E-08
    42    54    6.7504462037E-07
    42    55    1.3645453784E-05
    42    56    2.5880393053E-06
    42    57    1.4485308699E-05
    42    58    3.1367544923E-06
    42    59    1.4988119500E-05
    42    60    3.6923110816E-06
    42    61    1.5201702076E-05
    42    62    4.1866969511E-06
    42    63    1.5072611021E-05
    42    64    2.0749596736E-06
    42    65    2.2722078447E-08
    42    66    7.5173491825E-09
    42    67    2.1090315670E-08
    43    53    1.8293636435E-11
    43    54    2.3371821886E-09
    43    55    5.3363523334E-08
    43    56    3.6385843724E-06
    43    57    2.0536697402E-05
    43    58    4.2879956315E-06
    43    59    2.1083372462E-05
    43    60    4.8763869716E-06
    43    61    2.1248752012E-05
    43    62    5.6944402509E-06
    43    63    2.1154468577E-05
    43    64    9.5826021885E-03
    43    65    9.5877770143E-02
    43    66    3.0975307334E-06
    43    67    2.0801876526E-08
    43    68    2.3181536646E-09
    44    54    3.3379935893E-12
    44    55    9.0628477063E-11
    44    56    1.6280621869E-08
    44    57    3.6069270814E-07
    44    58    6.1496015512E-08
    44    59    3.9833590620E-07
    44    60    7.6621548737E-08
    44    61    4.2601549903E-07
    44    62    1.0313176897E-05
    44    63    9.3871056438E-03
    44    64    4.2783035314E-04
    44    65    9.1802288649E-03
    44    66    4.7801612902E-04
    44    67    8.8815274188E-03
    44    68    4.2419910226E-04
    44    69    1.5284997804E-10
    44    70    1.3956233229E-11
    45    56    2.8181467060E-12
    45    57    7.2515354264E-11
    45    58    2.0040196996E-08
    45    59    4.1750827912E-07
    45    60    7.6383075116E-08
    45    61    4.4442482219E-07
    45    62    2.8632307510E-06
    45    63    9.5054753346E-02
    45    64    9.1133544475E-03
    45    65    9.0096615011E-02
    45    66    8.9078136969E-03
    45    67    8.4762071698E-02
    45    68    8.6715009264E-03
    45    69    7.8950710119E-02
    45    70    8.4558924274E-03
    45    71    7.2481982143E-02
    45    72    8.7285610718E-12
    46    57    1.2336103141E-16
    46    58    1.8372727385E-14
    46    59    5.5322345800E-12
    46    60    5.6121501717E-10
    46    61    4.2582369974E-09
    46    62    7.1343663656E-10
    46    63    1.0527315338E-08
    46    64    4.0347920614E-04
    46    65    8.7532966591E-03
    46    66    4.2762285358E-04
    46    67    8.4611671765E-03
    46    68    4.5263012820E-04
    46    69    8.0690247338E-03
    46    70    4.9570257931E-04
    46    71    7.5437983583E-03
    46    72    5.4290177812E-04
    46    73    6.8700677777E-03
    47    58    2.7760077596E-15
    47    59    8.3142411209E-14
    47    60    1.0305211206E-14
    47    61    5.2354859695E-12
    47    62    4.8961560300E-10
    47    63    4.6394962261E-09
    47    64    8.6154602359E-03
    47    65    8.3802542304E-02
    47    66    8.3685188172E-03
    47    67    7.8317534195E-02
    47    68    8.0368511899E-03
    47    69    7.2240560934E-02
    47    70    7.6114105345E-03
    47    71    6.5372415209E-02
    47    72    7.1171576226E-03
    47    73    5.7392585041E-02
    47    74    6.5115213922E-03
    47    75    4.7860122387E-02
    48    60    3.5901491469E-18
    48    61    1.0743427090E-16
    48    62    6.7624075336E-13
    48    63    1.5650444995E-11
    48    64    7.9492757793E-07
    48    65    8.2132304201E-03
    48    66    4.0270596923E-04
    48    67    7.8958672290E-03
    48    68    4.1469506934E-04
    48    69    7.4585300966E-03
    48    70    4.2668334097E-04
    48    71    6.8720611229E-03
    48    72    4.3547977964E-04
    48    73    6.0945565763E-03
    48    74    4.5426698016E-04
    48    75    5.0422650522E-03
    48    76    3.1812436767E-04
    49    61    1.6517142471E-20
    49    62    2.7469278479E-18
    49    63    3.5613500267E-17
    49    64    3.9649334604E-13
    49    65    6.8042969839E-10
    49    66    7.7539255264E-03
    49    67    7.1251408221E-02
    49    68    7.3562529723E-03
    49    69    6.4661718791E-02
    49    70    6.8217307014E-03
    49    71    5.6994834733E-02
    49    72    6.1193011680E-03
    49    73    4.7805675762E-02
    49    74    5.2005914841E-03
    49    75    3.6439588709E-02
    49    76    4.0298775966E-03
    49    77    2.2027082424E-02
    49    78    1.9078170773E-03
    50    62    4.2351647363E-22
    50    63    1.3552527156E-20
    50    64    1.6940658945E-21
    50    65    2.0328790734E-20
    50    66    3.7182255130E-07
    50    67    7.2133498625E-03
    50    68    3.8638433784E-04
    50    69    6.6991549563E-03
    50    70    3.8321110726E-04
    50    71    5.9933480505E-03
    50    72    3.6915076012E-04
    50    73    5.0269734512E-03
    50    74    3.4558276077E-04
    50    75    3.6856297136E-03
    50    76    2.8529909376E-04
    50    77    1.8560425615E-03
    50    78    1.0078503138E-04
    50    79    9.0538404202E-05
    50    81    1.4571020378E-23
    51    65    2.5410988418E-21
    51    67    5.2850885909E-10
    51    68    6.5752873609E-03
    51    69    5.6113299867E-02
    51    70    5.9068184499E-03
    51    71    4.7210390639E-02
    51    72    4.9898704659E-03
    51    73    3.6138408112E-02
    51    74    3.7286576432E-03
    51    75    2.2081841792E-02
    51    76    2.0139694194E-03
    51    77    5.8008323225E-03
    51    78    1.4405120348E-04
    51    79    5.6147691794E-04
    51    80    3.2374951220E-04
    51    81    5.4678384305E-03
    51    82    2.7105054312E-20
    51    83    2.4442557362E-21
    52    68    2.9553512008E-07
    52    69    5.7917796429E-03
    52    70    3.3902530011E-04
    52    71    4.8986524928E-03
    52    72    3.0501567632E-04
    52    73    3.6350706370E-03
    52    74    2.4124650840E-04
    52    75    1.8669791225E-03
    52    76    9.5323241593E-05
    52    77    9.5564677592E-05
    52    78    2.0738078266E-05
    52    79    9.4794974153E-05
    52    80    1.4800794593E-04
    52    81    1.8313762599E-03
    52    82    2.5619329658E-04
    52    85    3.5983699571E-24
    53    67    9.6594719410E-09
    53    68    1.3011934719E-06
    53    69    6.7276815020E-06
    53    70    2.0941898387E-06
    53    71    2.3896449191E-05
    53    72    8.5851594859E-06
    53    73    4.2887891276E-05
    53    74    1.5294527848E-05
    53    75    1.0492675789E-04
    53    76    1.7043788087E-04
    53    77    8.8812678526E-04
    53    78    1.4124063351E-04
    53    79    9.9109168674E-05
    53    80    1.4816657265E-05
    53    81    4.2240602598E-05
    53    82    1.2521961803E-05
    53    83    1.7271010417E-05
    53    84    2.6130289182E-06
    53    85    4.4841838099E-06
    53    86    9.4443405530E-07
    54    68    2.0438769707E-08
    54    69    8.2255570527E-07
    54    70    1.6802451902E-07
    54    71    1.0226618590E-06
    54    72    1.1782831849E-06
    54    73    9.3681485634E-06
    54    74    6.3984275656E-06
    54    75    1.2177844970E-04
    54    76    2.4269735018E-05
    54    77    1.2048868907E-04
    54    78    3.4240090087E-06
    54    79    9.5793645571E-06
    54    80    1.9007887716E-06
    54    81    6.8653507055E-06
    54    82    2.7664568583E-06
    54    83    6.6219212918E-06
    54    84    2.2709199906E-06
    54    85    2.3355573242E-06
    54    86    2.8414498826E-07
    54    87    5.1389967469E-07
    54    88    1.0086562659E-07
    55    70    1.0444104465E-07
    55    71    4.4682535439E-06
    55    72    2.8897298947E-06
    55    73    8.0898905980E-05
    55    74    1.2624100948E-04
    55    75    7.3150029709E-04
    55    76    1.1737967346E-04
    55    77    8.8414972127E-05
    55    78    1.1489756149E-05
    55    79    3.8464787106E-05
    55    80    9.1401552329E-06
    55    81    3.4534150588E-05
    55    82    1.5981782800E-05
    55    83    4.4749324100E-05
    55    84    1.3285717750E-04
    55    85    6.1678682730E-04
    55    86    2.7560408212E-06
    55    87    1.7013928086E-06
    55    88    8.7686372734E-07
    55    89    1.4830765325E-06
    56    72    1.7489105913E-07
    56    73    8.2684147212E-06
    56    74    1.8476597196E-06
    56    75    1.0623803151E-04
    56    76    2.3245772453E-06
    56    77    6.3675624231E-06
    56    78    1.0474492165E-06
    56    79    6.4386311723E-06
    56    80    1.5310491869E-06
    56    81    7.0980509303E-06
    56    82    4.3523968861E-06
    56    83    1.8798987051E-05
    56    84    3.6933281045E-05
    56    85    1.1192650413E-04
    56    86    8.6561794608E-06
    56    87    1.7372818844E-06
    56    88    8.5276322508E-08
    56    89    1.7493622635E-07
    56    90    8.6555483637E-08
    56    91    1.5967171812E-07
    57    75    5.0118373364E-08
    57    76    6.5642072515E-06
    57    77    2.2724159585E-05
    57    78    4.0626582323E-06
    57    79    1.5462962369E-05
    57    80    9.3354517849E-06
    57    81    4.8028294657E-05
    57    82    7.9745130658E-05
    57    83    6.6904702142E-04
    57    84    1.6151556797E-04
    57    85    2.6074181224E-04
    57    86    1.7865801974E-05
    57    87    3.1536199897E-05
    57    88    1.9140675119E-06
    57    89    5.0312496665E-07
    57    90    2.2903641489E-07
    57    91    4.6972149338E-07
    57    92    9.8598538116E-08
    58    77    5.5502265640E-09
    58    78    5.8197140807E-07
    58    79    2.5803468123E-06
    58    80    5.0866430852E-07
    58    81    2.3693096554E-06
    58    82    2.8931203138E-05
    58    83    1.1904150190E-04
    58    84    9.8115389521E-06
    58    85    1.0954135758E-05
    58    86    2.1101006530E-06
    58    87    5.0818093082E-06
    58    88    1.1762536090E-06
    58    89    1.5005345405E-06
    58    90    1.8419956328E-08
    58    91    4.4241341580E-08
    58    92    1.9447556837E-08
    58    93    4.0839389079E-08
    59    78    3.0317521746E-07
    59    79    1.2075329104E-05
    59    80    2.5832078855E-06
    59    81    1.0572540612E-05
    59    82    2.9068450762E-06
    59    83    9.5126532316E-06
    59    84    1.5469686454E-05
    59    85    3.3542208734E-05
    59    86    8.4649541856E-06
    59    87    2.2047341523E-05
    59    88    5.5595156866E-06
    59    89    7.2582273354E-06
    59    90    1.6230088475E-06
    59    91    1.0926693724E-07
    59    92    4.4946093197E-08
    59    93    1.0386137519E-07
    59    94    4.6948307195E-08
    59    95    9.5063113980E-08
    60    80    5.7147276979E-08
    60    81    1.9939484997E-06
    60    82    4.9661303453E-07
    60    83    1.7823198335E-06
    60    84    4.9089903688E-07
    60    85    1.6749168520E-06
    60    86    7.8920702572E-07
    60    87    4.1269564174E-06
    60    88    5.1099938706E-07
    60    89    1.5104004221E-06
    60    90    3.0066475438E-07
    60    91    8.0916209625E-09
    60    92    2.9172036780E-09
    60    93    7.8672570665E-09
    60    94    3.1101006470E-09
    60    95    7.5496845486E-09
    60    96    1.3716227765E-09
    61    81    3.9719850759E-11
    61    82    5.5516521864E-07
    61    83    8.6111439558E-06
    61    84    2.4095111355E-06
    61    85    8.0271459105E-06
    61    86    2.4033306787E-06
    61    87    7.5585390332E-06
    61    88    2.4240490946E-06
    61    89    7.1494291237E-06
    61    90    2.5070729624E-06
    61    91    6.6365428489E-06
    61    92    5.9726919364E-09
    61    93    1.7068695646E-08
    61    94    6.2795015790E-09
    61    95    1.6318391978E-08
    61    96    6.6121862275E-09
    61    97    1.5219381440E-08
    62    83    3.8317273464E-12
    62    84    2.2395399593E-10
    62    85    1.0340693233E-08
    62    86    4.3921434266E-07
    62    87    1.5621652167E-06
    62    88    4.4952537759E-07
    62    89    1.5009822471E-06
    62    90    4.7111937392E-07
    62    91    1.4202115596E-06
    62    92    3.0615037052E-10
    62    93    9.8876070683E-10
    62    94    3.2235865400E-10
    62    95    9.7608352728E-10
    62    96    3.4715701033E-10
    62    97    9.5124627462E-10
    62    98    3.7372690923E-10
    62    99    9.0374303263E-10
    63    85    8.3165750372E-12
    63    86    4.5067597504E-10
    63    87    1.9635496323E-09
    63    88    5.6626547819E-07
    63    89    7.0251027413E-06
    63    90    1.5338750883E-06
    63    91    1.9118845292E-09
    63    92    5.5248567579E-10
    63    93    1.8761756040E-09
    63    94    5.8831402013E-10
    63    95    1.8309073536E-09
    63    96    6.1216679795E-10
    63    97    1.7902800204E-09
    63    98    6.5060981212E-10
    63    99    1.7271416955E-09
    63   100    3.1449649136E-10
    64    86    4.8789938052E-12
    64    87    7.8323715433E-11
    64    88    1.6975748074E-11
    64    89    8.0365092165E-11
    64    90    1.8650350077E-11
    64    91    8.1918377148E-11
    64    92    2.0875686067E-11
    64    93    8.2524325582E-11
    64    94    2.2879173125E-11
    64    95    8.2890748803E-11
    64    96    2.5021533619E-11
    64    97    8.2638843915E-11
    64    98    2.6644332059E-11
    64    99    8.2392358236E-11
    64   100    2.8984484816E-11
    64   101    7.9772330231E-11
    65    88    8.3334610591E-12
    65    89    1.3385288168E-10
    65    90    2.9985619429E-11
    65    91    1.3600271405E-10
    65    92    3.3149143275E-11
    65    93    1.3667574281E-10
    65    94    3.5938001442E-11
    65    95    1.3690087560E-10
    65    96    3.8818843966E-11
    65    97    1.3609397937E-10
    65    98    4.1883382179E-11
    65    99    1.3420476668E-10
    65   100    4.4110795135E-11
    65   101    1.3240677340E-10
    65   102    2.2555418984E-11
    66    90    2.6480405461E-13
    66    91    4.2470390946E-12
    66    92    9.2168676527E-13
    66    93    4.4275388003E-12
    66    94    1.0334257525E-12
    66    95    4.5862632133E-12
    66    96    1.1547789363E-12
    66    97    4.7087201691E-12
    66    98    1.2842672482E-12
    66    99    4.7883611477E-12
    66   100    1.3892521031E-12
    66   101    4.8568025822E-12
    66   102    1.5334882208E-12
    66   103    4.7977489934E-12
    67    92    4.1952567620E-13
    67    93    6.3856004665E-12
    67    94    1.4255015727E-12
    67    95    6.6054831723E-12
    67    96    1.5786782587E-12
    67    97    6.7668477158E-12
    67    98    1.7401499350E-12
    67    99    6.8699499892E-12
    67   100    1.9094722751E-12
    67   101    6.9136215511E-12
    67   102    2.0402366997E-12
    67   103    6.9401847144E-12
    67   104    1.0988891401E-12
    68    93    4.9387441836E-16
    68    94    2.9688010134E-14
    68    95    1.6023637698E-13
    68    96    3.4219788868E-14
    68    97    1.7063865986E-13
    68    98    3.9129801694E-14
    68    99    1.7965089729E-13
    68   100    4.4453732416E-14
    68   101    1.8706944902E-13
    68   102    5.0182839655E-14
    68   103    1.9263831795E-13
    68   104    5.4975460490E-14
    68   105    1.9573566360E-13
    69    96    1.4067787462E-14
    69    97    2.1399326877E-13
    69    98    4.6638006770E-14
    69    99    2.2526166994E-13
    69   100    5.2634430831E-14
    69   101    2.3448360902E-13
    69   102    5.9009546381E-14
    69   103    2.4151195638E-13
    69   104    6.5746324671E-14
    69   105    2.4606185145E-13
    69   106    3.6530229812E-14
    70    98    2.7902281722E-16
    70    99    4.2431878323E-15
    70   100    8.8772102191E-16
    70   101    4.6037663699E-15
    70   102    1.0348845262E-15
    70   103    4.9276649926E-15
    70   104    1.1963628872E-15
    70   105    5.2078838204E-15
    70   106    6.9683380760E-16
    71   101    2.0884444348E-17
    71   102    1.0753523723E-15
    71   103    5.4234232123E-15
    71   104    1.2379657575E-15
    71   105    5.7449704716E-15
    71   106    7.7630613416E-16
    72   103    3.0493186101E-19
    72   104    1.6710265983E-17
    72   105    8.7857645421E-17
    72   106    1.0798476920E-17
