     0     1    2.4770631573E+00
    42    65    2.1540122092E-06
    42    66    2.7022001045E-04
    42    67    1.5091468981E-03
    42    68    3.1303829043E-04
    42    69    1.4049167795E-03
    43    65    7.8881881808E-06
    43    66    2.1621790529E-03
    43    67    1.3843456231E-02
    43    68    1.3170949848E-02
    43    69    1.2751108807E-02
    43    70    2.5680738493E-03
    43    71    1.1552568204E-02
    43    72    1.4482734053E-03
    44    65    8.7552822476E-07
    44    66    2.4650720056E-04
    44    67    1.2298300196E-02
    44    68    8.4770028400E-04
    44    69    1.1936008992E-02
    44    70    9.8431606213E-04
    44    71    1.1491053637E-02
    44    72    2.8702121372E-04
    44    73    1.2504875069E-03
    44    74    3.3903226628E-04
    44    75    1.1230696478E-03
    45    65    2.3415413960E-06
    45    66    1.7757586622E-03
    45    67    1.3215372078E-02
    45    68    1.2493437678E-02
    45    69    1.1196038409E-01
    45    70    1.2535088213E-02
    45    71    1.0583036987E-01
    45    72    1.2590701604E-02
    45    73    9.9316164194E-02
    45    74    2.1869524776E-03
    45    75    9.2644687790E-03
    45    76    2.3279087751E-03
    45    77    8.2023628296E-03
    46    66    3.4516925166E-05
    46    67    1.4990582927E-03
    46    68    1.9135343542E-04
    46    69    1.1653562858E-02
    46    70    7.6594100056E-04
    46    71    1.1262681854E-02
    46    72    8.4998110970E-04
    46    73    1.0781671296E-02
    46    74    1.0028953195E-03
    46    75    1.0130667845E-02
    46    76    2.6641397386E-04
    46    77    1.0506445242E-03
    46    78    1.2225360542E-03
    47    67    1.5994397132E-06
    47    68    1.5897752005E-03
    47    69    1.1535955667E-02
    47    70    1.1524331683E-02
    47    71    9.9733371805E-02
    47    72    1.1330965527E-02
    47    73    9.3318051038E-02
    47    74    1.1094634146E-02
    47    75    8.6327884522E-02
    47    76    1.0874884696E-02
    47    77    7.8505354915E-02
    47    78    1.7727332957E-03
    47    79    6.9544022399E-03
    47    80    1.8019679105E-03
    47    81    5.8479212665E-03
    48    68    2.1894570981E-05
    48    69    1.3797557562E-03
    48    70    1.6513273473E-04
    48    71    1.0771356161E-02
    48    72    7.0856119396E-04
    48    73    1.0298600196E-02
    48    74    7.7217493526E-04
    48    75    9.6795708859E-03
    48    76    8.3666370012E-04
    48    77    8.9098779632E-03
    48    78    9.1313090064E-04
    48    79    7.9259932537E-03
    48    80    2.1510407216E-04
    48    81    7.8492600109E-04
    48    82    3.9113168269E-04
    48    83    4.3748928957E-04
    49    69    1.1009094391E-06
    49    70    1.4030283948E-03
    49    71    9.9357160313E-03
    49    72    1.4325454235E-03
    49    73    1.0151797047E-01
    49    74    1.4381661399E-02
    49    75    9.2898924753E-02
    49    76    1.3505342501E-02
    49    77    8.2838773676E-02
    49    78    1.2400249355E-02
    49    79    7.0900194053E-02
    49    80    1.0187627047E-02
    49    81    5.1433248701E-03
    49    82    2.0510158020E-03
    49    83    2.9020396660E-03
    49    84    4.4562584383E-04
    50    70    1.5527901427E-05
    50    71    1.2427988123E-03
    50    72    1.3221709060E-04
    50    73    1.1665578681E-03
    50    74    1.8619282520E-03
    50    75    1.6097631043E-02
    50    76    1.7931621185E-03
    50    77    1.4223347927E-02
    50    78    1.7139178451E-03
    50    79    1.1779840690E-02
    50    80    1.5321069067E-03
    50    81    8.6469116461E-03
    50    82    9.6695766122E-04
    50    83    3.6099828017E-04
    50    84    9.2291704610E-05
    50    85    9.4674798135E-05
    50    86    6.2963017897E-06
    51    71    7.7162630344E-07
    51    72    1.2280489583E-03
    51    73    8.3179988344E-03
    51    74    1.2413280314E-03
    51    75    8.8043513283E-02
    51    76    1.6092263036E-02
    51    77    7.6068266864E-02
    51    78    1.3671777348E-02
    51    79    6.0878798736E-02
    51    80    1.0478345873E-02
    51    81    4.0914243740E-02
    51    82    8.1268927797E-03
    51    83    1.3603039192E-02
    51    84    2.2171590726E-04
    51    85    2.0117894288E-04
    51    86    3.2564440163E-04
    51    87    5.6314944730E-04
    51    88    2.7843189137E-04
    52    72    9.7208261595E-06
    52    73    1.0835474675E-03
    52    74    1.1790861955E-04
    52    75    9.8696118887E-04
    52    76    2.0812679496E-04
    52    77    1.2944602179E-02
    52    78    1.7825498570E-03
    52    79    9.5294313055E-03
    52    80    1.2393378908E-03
    52    81    5.0953030029E-03
    52    82    5.5132238072E-04
    52    83    5.9521117602E-04
    52    84    5.8973681087E-05
    52    85    1.0361026408E-04
    52    86    1.1536439866E-04
    52    87    2.3142038809E-04
    52    88    2.4080350334E-04
    52    89    3.6309105747E-04
    53    73    5.6482324976E-07
    53    74    1.0240586727E-03
    53    75    6.5347523715E-03
    53    76    9.3445953380E-04
    53    77    5.4554966967E-03
    53    78    8.9681192695E-03
    53    79    3.3276730377E-02
    53    80    5.0114205793E-03
    53    81    1.2811220789E-02
    53    82    7.8060446745E-04
    53    83    5.4967622151E-04
    53    84    8.0135458881E-04
    53    85    2.9275747312E-03
    53    86    5.9389953069E-03
    53    87    1.8455863329E-02
    53    88    1.4460150548E-03
    53    89    2.8317818355E-03
    53    90    6.0226314507E-04
    54    75    1.1790473374E-08
    54    76    8.7779103267E-07
    54    77    4.1456949983E-06
    54    78    1.2434777771E-06
    54    79    7.0108394239E-06
    54    80    3.6668621351E-06
    54    81    2.5298852748E-05
    54    82    4.2892299121E-05
    54    83    8.4090913922E-05
    54    84    8.1793187043E-06
    54    85    1.0255071205E-05
    54    86    2.4560266659E-06
    54    87    4.1496431026E-06
    54    88    1.7083464229E-06
    54    89    2.4020015038E-06
    54    90    1.4068397778E-06
    54    91    2.0094813198E-06
    54    92    4.1891052876E-07
    55    76    1.0704164324E-06
    55    77    2.5221092923E-05
    55    78    7.8710579808E-06
    55    79    4.2002249662E-05
    55    80    3.9856603265E-05
    55    81    4.5513789408E-04
    55    82    1.0237056001E-04
    55    83    1.0371418980E-04
    55    84    1.4680301693E-05
    55    85    2.6480594303E-05
    55    86    1.0956700950E-05
    55    87    2.0136654158E-05
    55    88    8.0690053681E-06
    55    89    1.3607433075E-05
    55    90    6.2616478167E-06
    55    91    9.8452041807E-06
    55    92    6.1045166646E-06
    55    93    8.0739940881E-06
    56    77    1.8677410977E-08
    56    78    2.0050554980E-06
    56    79    1.7649330641E-05
    56    80    9.6172659746E-06
    56    81    4.7656264781E-05
    56    82    3.9038579741E-06
    56    83    7.3828295009E-06
    56    84    1.7070958444E-06
    56    85    3.9256878056E-06
    56    86    1.3616419102E-06
    56    87    2.9817521275E-06
    56    88    1.2514097534E-06
    56    89    2.4941908257E-06
    56    90    1.1853542441E-06
    56    91    2.1915148491E-06
    56    92    1.0812302314E-06
    56    93    1.7629568011E-06
    56    94    3.7492840896E-07
    57    79    4.1152821184E-07
    57    80    5.2617218633E-05
    57    81    8.9465896381E-05
    57    82    1.0437444416E-05
    57    83    2.3788400504E-05
    57    84    6.9776064277E-06
    57    85    1.6884853391E-05
    57    86    5.9077593205E-06
    57    87    1.3526751539E-05
    57    88    5.4675501753E-06
    57    89    1.1512520298E-05
    57    90    5.1533311766E-06
    57    91    1.0177682157E-05
    57    92    4.9405028166E-06
    57    93    8.5094122407E-06
    57    94    4.8310607172E-06
    57    95    7.2807930122E-06
    58    81    1.4047740245E-08
    58    82    1.3011549220E-06
    58    83    3.7947194870E-06
    58    84    1.0035590309E-06
    58    85    2.9277685528E-06
    58    86    9.5233664505E-07
    58    87    2.5283625259E-06
    58    88    9.1486916970E-07
    58    89    2.2293537139E-06
    58    90    8.8427306479E-07
    58    91    2.0229654576E-06
    58    92    8.9038110138E-07
    58    93    1.8301279183E-06
    58    94    8.8627864771E-07
    58    95    1.6194232627E-06
    58    96    3.4803768462E-07
    59    82    1.5590177780E-06
    59    83    1.6855516982E-05
    59    84    4.6652197205E-06
    59    85    1.3645922210E-05
    59    86    4.2801174417E-06
    59    87    1.1906461781E-05
    59    88    4.1823082163E-06
    59    89    1.0461165588E-05
    59    90    4.0862943517E-06
    59    91    9.3802203262E-06
    59    92    3.9604925222E-06
    59    93    8.5574702575E-06
    59    94    3.9661386338E-06
    59    95    7.7387892909E-06
    59    96    3.9610377513E-06
    59    97    6.6915247718E-06
    60    84    2.5036368482E-07
    60    85    2.6047861303E-06
    60    86    7.3443029031E-07
    60    87    2.3206923691E-06
    60    88    7.1769423595E-07
    60    89    2.1161919178E-06
    60    90    7.3102270806E-07
    60    91    1.9249641535E-06
    60    92    7.2063496176E-07
    60    93    1.7875123947E-06
    60    94    7.3235569523E-07
    60    95    1.6488754824E-06
    60    96    7.4752057893E-07
    60    97    1.5100815855E-06
    60    98    3.2749854650E-07
    61    86    1.0248692159E-06
    61    87    1.0901651508E-05
    61    88    3.3704944997E-06
    61    89    9.8756140163E-06
    61    90    3.3573052305E-06
    61    91    8.9708107248E-06
    61    92    3.2648178548E-06
    61    93    8.2773443691E-06
    61    94    3.2586790490E-06
    61    95    7.5966859862E-06
    61    96    3.2755256932E-06
    61    97    6.9683892451E-06
    61    98    3.3048703941E-06
    61    99    6.1873171175E-06
    62    88    1.9547796490E-07
    62    89    2.0235993499E-06
    62    90    6.1580632119E-07
    62    91    1.8694372040E-06
    62    92    6.1954928415E-07
    62    93    1.7413006321E-06
    62    94    6.1492551042E-07
    62    95    1.6351665814E-06
    62    96    6.2602297430E-07
    62    97    1.5240478613E-06
    62    98    6.4049294957E-07
    62    99    1.4166518784E-06
    62   100    3.0832167176E-07
    63    90    8.6189314871E-07
    63    91    8.6082374578E-06
    63    92    2.8264030378E-06
    63    93    7.9615600632E-06
    63    94    2.8124470780E-06
    63    95    7.3713804357E-06
    63    96    2.7611226601E-06
    63    97    6.8748291811E-06
    63    98    2.7749969980E-06
    63    99    6.3597612753E-06
    63   100    1.5018957325E-06
    64    93    1.5159805605E-08
    64    94    5.3890940123E-07
    64    95    1.5999366017E-06
    64    96    5.4601614577E-07
    64    97    1.5019644012E-06
    64    98    5.4463424548E-07
    64    99    1.4191728630E-06
    64   100    3.0517841567E-07
    65    96    7.9474294656E-07
    65    97    6.6808324307E-06
    65    98    2.4140585399E-06
    65    99    6.2177669656E-06
    65   100    1.4645715490E-06
