     0     1    4.1213650402E+00
    36    49    3.3012267845E-07
    36    50    6.7189341708E-05
    36    51    3.0225694225E-04
    36    52    7.7295984401E-05
    36    53    2.8005030869E-04
    37    49    7.3373328263E-07
    37    50    1.7675631352E-04
    37    51    8.3188689313E-04
    37    52    1.9569237267E-04
    37    53    7.6814145387E-04
    37    54    2.1010940990E-04
    37    55    6.9975881183E-04
    37    56    8.3642432351E-05
    38    49    1.3678305386E-08
    38    50    3.2250748348E-06
    38    51    1.9781772377E-05
    38    52    3.8145375583E-06
    38    53    1.9451337143E-05
    38    54    4.4547747622E-06
    38    55    1.8571648844E-05
    38    56    4.9593348259E-06
    38    57    1.7409205546E-05
    38    58    1.6432371190E-06
    39    50    2.5836264825E-06
    39    51    4.0832245424E-05
    39    52    7.3792196621E-06
    39    53    3.9593959267E-05
    39    54    8.1344868009E-06
    39    55    3.7749196235E-05
    39    56    9.0691385422E-06
    39    57    3.4945391114E-05
    39    58    9.6965166715E-06
    39    59    3.1806013755E-05
    39    60    3.5190925769E-06
    40    51    7.1053754707E-10
    40    52    7.6123573675E-08
    40    53    5.4279865088E-07
    40    54    3.2980465032E-05
    40    55    4.1216676833E-04
    40    56    8.9364544759E-05
    40    57    4.0696425438E-04
    40    58    4.6604816068E-05
    40    59    5.2524351211E-07
    40    60    1.3989668460E-07
    40    61    4.9117768364E-07
    40    62    4.4045827890E-08
    41    52    4.3490782867E-08
    41    53    7.9592670406E-07
    41    54    1.2719192879E-07
    41    55    3.0420819401E-06
    41    56    1.7009676278E-04
    41    57    8.1834450944E-04
    41    58    1.9177574619E-04
    41    59    7.8517311729E-04
    41    60    1.0677717399E-04
    41    61    7.0666325057E-07
    41    62    1.9233072731E-07
    41    63    6.4217301074E-07
    41    64    6.4565915419E-08
    42    53    5.7911636852E-12
    42    54    6.8772309723E-10
    42    55    5.8309639877E-09
    42    56    1.4390816959E-06
    42    57    2.0023486174E-05
    42    58    3.9543961436E-06
    42    59    2.0328206825E-05
    42    60    4.5425600365E-06
    42    61    2.8792090961E-05
    42    62    1.2394543132E-03
    42    63    8.2286010114E-03
    42    64    1.4431853098E-03
    42    65    7.6320118850E-03
    42    66    4.7508797131E-10
    43    54    2.7543595679E-10
    43    55    5.7658132138E-09
    43    56    8.0732300850E-10
    43    57    7.6062820176E-08
    43    58    5.6985384344E-06
    43    59    3.0553797702E-05
    43    60    6.4042801106E-06
    43    61    7.0276760863E-05
    43    62    1.0990254707E-02
    43    63    7.5144458502E-02
    43    64    1.1647348380E-02
    43    65    6.8594152470E-02
    43    66    1.2558956284E-02
    43    67    6.2090941133E-02
    43    68    7.5222644771E-03
    44    55    1.5672482911E-14
    44    56    2.1256219297E-12
    44    57    2.1812241793E-11
    44    58    2.5426957215E-08
    44    59    4.1640154454E-07
    44    60    7.2666791897E-08
    44    61    4.6298904419E-06
    44    62    9.2468714365E-04
    44    63    8.1129828099E-03
    44    64    1.0469519205E-03
    44    65    7.6340407134E-03
    44    66    1.1928963183E-03
    44    67    7.1192206701E-03
    44    68    1.3626059798E-03
    44    69    6.5717723350E-03
    44    70    5.9942641072E-04
    45    56    5.3821766464E-13
    45    57    1.3799548547E-11
    45    58    1.6945627124E-12
    45    59    1.5883369579E-11
    45    60    3.0578494447E-08
    45    61    1.4167255809E-05
    45    62    9.2212859319E-03
    45    63    7.0521823172E-02
    45    64    9.3689484875E-03
    45    65    6.4930670672E-02
    45    66    9.6798217045E-03
    45    67    5.9402920433E-02
    45    68    1.0166908260E-02
    45    69    5.3904014755E-02
    45    70    1.0825819966E-02
    45    71    4.8408312486E-02
    45    72    6.3599303093E-03
    46    57    1.2832549151E-17
    46    58    2.0710141908E-15
    46    59    2.5339425145E-14
    46    60    3.0728017515E-15
    46    61    5.5342407970E-12
    46    62    1.3265159274E-04
    46    63    7.8315743790E-03
    46    64    8.4060711197E-04
    46    65    7.4011921620E-03
    46    66    9.2825953137E-04
    46    67    6.9548181217E-03
    46    68    1.0005039384E-03
    46    69    6.5100538095E-03
    46    70    1.1149030220E-03
    46    71    6.0060982555E-03
    46    72    1.1989487639E-03
    46    73    5.5144814317E-03
    46    74    5.5692479860E-04
    47    59    7.2404376331E-18
    47    60    1.0794410003E-15
    47    61    1.2194270862E-14
    47    62    1.4888348936E-15
    47    63    8.3698096995E-06
    47    64    8.1639416284E-03
    47    65    6.0409283349E-02
    47    66    8.1619049467E-03
    47    67    5.5522571467E-02
    47    68    8.2720847165E-03
    47    69    5.0676450752E-02
    47    70    8.3138379211E-03
    47    71    4.6003240527E-02
    47    72    8.5975096323E-03
    47    73    4.1120973379E-02
    47    74    8.6969901906E-03
    47    75    3.6378322022E-02
    47    76    5.0762037891E-03
    48    60    2.7443867491E-19
    48    61    8.2077492589E-18
    48    62    8.9277272641E-19
    48    63    1.2694418487E-06
    48    64    7.0669605547E-04
    48    65    7.0789366635E-03
    48    66    7.5110719704E-04
    48    67    6.6828536184E-03
    48    68    8.0611261819E-04
    48    69    6.2571910208E-03
    48    70    8.7160652226E-04
    48    71    5.7982990212E-03
    48    72    9.1745204601E-04
    48    73    5.3274849730E-03
    48    74    9.8910000760E-04
    48    75    4.7818031946E-03
    48    76    1.0184896545E-03
    48    77    4.1797572237E-03
    49    61    8.4703294725E-22
    49    62    1.7787691892E-19
    49    63    2.5114526886E-18
    49    64    2.1572556542E-04
    49    65    5.5727718225E-02
    49    66    7.1396198708E-03
    49    67    5.1310537656E-02
    49    68    7.0020373536E-03
    49    69    4.6923839046E-02
    49    70    6.9251812138E-03
    49    71    4.2503725929E-02
    49    72    6.9004082465E-03
    49    73    3.7956443750E-02
    49    74    6.7504792142E-03
    49    75    3.3281926879E-02
    49    76    6.6664139424E-03
    49    77    2.7956578171E-02
    49    78    6.1520441352E-03
    49    79    2.1621106802E-02
    50    65    8.4378335478E-07
    50    66    6.5161681288E-04
    50    67    6.3165080514E-03
    50    68    6.8431777463E-04
    50    69    5.9091235829E-03
    50    70    7.1522472289E-04
    50    71    5.4697457923E-03
    50    72    7.3266909276E-04
    50    73    4.9936736167E-03
    50    74    7.6044068306E-04
    50    75    4.4251959506E-03
    50    76    7.4936293558E-04
    50    77    3.7416009589E-03
    50    78    7.0008091921E-04
    50    79    2.7601141827E-03
    50    80    4.4106760222E-04
    50    81    1.0904501937E-03
    51    66    1.4859679524E-04
    51    67    4.6879841445E-02
    51    68    6.2178258766E-03
    51    69    4.2752414155E-02
    51    70    5.9795088939E-03
    51    71    3.8514385203E-02
    51    72    5.7477225929E-03
    51    73    3.4013354474E-02
    51    74    5.4014245930E-03
    51    75    2.9027703154E-02
    51    76    4.9661133316E-03
    51    77    2.2792529876E-02
    51    78    3.9307501783E-03
    51    79    1.3776223335E-02
    51    80    1.4836073602E-03
    51    81    2.2192738814E-03
    51    82    3.9563639427E-04
    51    83    1.9117180909E-23
    52    68    4.4454081790E-05
    52    69    5.4962669891E-03
    52    70    6.0516329084E-04
    52    71    5.0507417032E-03
    52    72    6.0738441155E-04
    52    73    4.5240175680E-03
    52    74    5.9840007959E-04
    52    75    3.8540651352E-03
    52    76    5.5285089547E-04
    52    77    2.8845708220E-03
    52    78    3.7025933458E-04
    52    79    1.1622133798E-03
    52    80    9.9755048285E-05
    52    81    3.7914513073E-04
    52    82    6.3271390208E-04
    52    83    1.5792458849E-03
    52    84    2.2059528821E-27
    53    69    3.0812631311E-06
    53    70    5.2509474845E-03
    53    71    3.4114816224E-02
    53    72    4.8582828976E-03
    53    73    2.9272637500E-02
    53    74    4.3047388607E-03
    53    75    2.3248729811E-02
    53    76    3.4170107674E-03
    53    77    1.4197766555E-02
    53    78    1.3854689108E-03
    53    79    2.3125625012E-03
    53    80    8.4041011825E-04
    53    81    6.5633133812E-03
    53    82    4.7552425221E-03
    53    83    1.3242027669E-02
    53    84    6.5530504128E-03
    53    85    1.5062485249E-02
    53    86    4.3536061621E-28
    54    69    2.3307597161E-08
    54    70    4.4053611459E-06
    54    71    6.9112395069E-05
    54    72    1.3507429977E-05
    54    73    7.3270420122E-05
    54    74    2.1517754613E-05
    54    75    1.1288416769E-04
    54    76    3.3307618693E-05
    54    77    2.1601903137E-04
    54    78    1.2707972017E-04
    54    79    5.9075639541E-04
    54    80    4.3214820999E-05
    54    81    1.2204837161E-04
    54    82    3.6532661806E-05
    54    83    8.0556939295E-05
    54    84    2.1485620308E-05
    54    85    4.3558493341E-05
    54    86    1.0986923363E-05
    54    87    8.9377064548E-06
    55    70    1.4676173604E-06
    55    71    6.3330203529E-05
    55    72    7.8833034618E-05
    55    73    4.0855833400E-04
    55    74    1.0522596746E-04
    55    75    7.1184069346E-04
    55    76    3.1181642249E-04
    55    77    3.1995170564E-03
    55    78    6.0370341377E-04
    55    79    1.0432596290E-03
    55    80    1.5341023769E-04
    55    81    5.1237195741E-04
    55    82    1.6799265269E-04
    55    83    3.9692234296E-04
    55    84    1.7557719665E-04
    55    85    3.9533690766E-04
    55    86    8.8336998265E-05
    55    87    1.6797363253E-04
    55    88    1.5282150323E-05
    55    89    2.5941065219E-05
    56    72    1.9569187999E-07
    56    73    7.5407911572E-06
    56    74    1.9018163222E-05
    56    75    1.6270395792E-04
    56    76    8.4230711481E-05
    56    77    4.6441767693E-04
    56    78    2.8910927278E-05
    56    79    1.1044302388E-04
    56    80    2.0348585317E-05
    56    81    8.3588674870E-05
    56    82    2.5660467426E-05
    56    83    7.4190614475E-05
    56    84    3.1958754566E-05
    56    85    8.9699303956E-05
    56    86    3.4242256499E-05
    56    87    3.0444073104E-05
    56    88    6.5526615972E-06
    56    89    2.9499941890E-06
    56    90    5.4843482586E-07
    57    73    7.0779391674E-08
    57    74    4.6511517727E-05
    57    75    2.6243499441E-03
    57    76    4.2586988911E-04
    57    77    8.0629413736E-04
    57    78    9.2106365295E-05
    57    79    3.2428330672E-04
    57    80    1.0324715197E-04
    57    81    4.1396562836E-04
    57    82    1.3396568708E-04
    57    83    4.0612422343E-04
    57    84    2.2207967363E-04
    57    85    8.0739657215E-04
    57    86    1.2352462577E-03
    57    87    3.2636563670E-03
    57    88    6.0218157749E-05
    57    89    1.2877254436E-04
    57    90    2.9642851830E-05
    57    91    7.7313310992E-06
    57    92    1.5687391355E-06
    58    75    1.5604911539E-07
    58    76    2.3240353474E-05
    58    77    7.4586473637E-05
    58    78    1.1314830184E-05
    58    79    4.9683844226E-05
    58    80    9.1724129829E-06
    58    81    4.0886147405E-05
    58    82    2.4729376869E-05
    58    83    9.2436607413E-05
    58    84    1.0266696668E-04
    58    85    6.3795144192E-04
    58    86    1.3539804924E-04
    58    87    1.9334690222E-04
    58    88    2.1434128059E-05
    58    89    2.4712938883E-05
    58    90    9.8528822836E-06
    58    91    2.2316161127E-05
    58    92    2.9877567095E-07
    58    93    6.2911269946E-07
    59    77    3.7395256203E-07
    59    78    5.4759193226E-05
    59    79    2.2862693054E-04
    59    80    4.7147234924E-05
    59    81    1.9539173003E-04
    59    82    5.1542806199E-05
    59    83    1.8236025566E-04
    59    84    9.9444439078E-04
    59    85    3.4905796847E-03
    59    86    2.7147575450E-04
    59    87    4.4629146993E-04
    59    88    9.0252368668E-05
    59    89    1.1844491684E-04
    59    90    4.6279358015E-05
    59    91    1.0717859638E-04
    59    92    2.3700221713E-05
    59    93    1.5996377239E-06
    59    94    6.9998212491E-07
    59    95    1.4189037646E-06
    60    79    6.0444946571E-08
    60    80    7.4554700868E-06
    60    81    3.5306370317E-05
    60    82    8.4297114074E-06
    60    83    3.0661178066E-05
    60    84    8.1099898425E-06
    60    85    2.7976663949E-05
    60    86    8.0029509819E-06
    60    87    2.5708552373E-05
    60    88    7.9591790849E-06
    60    89    2.3683726973E-05
    60    90    8.1578890663E-06
    60    91    2.1659640879E-05
    60    92    8.0551485539E-06
    60    93    1.9773495597E-05
    60    94    4.4628223477E-08
    60    95    1.0844501085E-07
    60    96    1.9036450079E-08
    61    80    3.5673630128E-06
    61    81    1.7130586788E-04
    61    82    4.1912650507E-05
    61    83    1.4974377773E-04
    61    84    4.0277326212E-05
    61    85    1.3531311423E-04
    61    86    3.8963946117E-05
    61    87    1.2333866939E-04
    61    88    3.8059269366E-05
    61    89    1.1278185176E-04
    61    90    3.8072858204E-05
    61    91    1.0246702678E-04
    61    92    3.6964527865E-05
    61    93    9.2879376695E-05
    61    94    8.9880136415E-08
    61    95    2.3360107057E-07
    61    96    9.1577531755E-08
    61    97    2.1083364690E-07
    62    82    1.5965020973E-06
    62    83    2.8661682479E-05
    62    84    6.9415535437E-06
    62    85    2.6416434546E-05
    62    86    6.8299164309E-06
    62    87    2.4492680377E-05
    62    88    6.7735451598E-06
    62    89    2.2758567292E-05
    62    90    6.8708064756E-06
    62    91    2.1024630349E-05
    62    92    6.8972710455E-06
    62    93    1.9502917153E-05
    62    94    3.9047154214E-06
    62    95    1.3435567287E-08
    62    96    4.6217530778E-09
    62    97    1.2665772322E-08
    62    98    4.8133894158E-09
    62    99    1.1641152004E-08
    63    84    6.8422364787E-06
    63    85    1.2678417423E-04
    63    86    3.3514712671E-05
    63    87    1.1619796976E-04
    63    88    3.2602053203E-05
    63    89    1.0701363225E-04
    63    90    3.2341921912E-05
    63    91    9.8085971936E-05
    63    92    3.1836526456E-05
    63    93    9.0251642253E-05
    63    94    3.1485976847E-05
    63    95    8.1829475890E-05
    63    96    8.1012438836E-09
    63    97    2.3676525513E-08
    63    98    8.3212825347E-09
    63    99    2.2065099206E-08
    63   100    3.8899163312E-09
    64    86    1.3832728172E-06
    64    87    2.3351839192E-05
    64    88    5.9026536546E-06
    64    89    2.1828151107E-05
    64    90    5.8458937208E-06
    64    91    2.0400661568E-05
    64    92    5.9160230021E-06
    64    93    1.8960539552E-05
    64    94    5.9229171652E-06
    64    95    1.7488803600E-05
    64    96    3.1769025492E-10
    64    97    1.0490562281E-09
    64    98    3.2712540874E-10
    64    99    1.0107761478E-09
    64   100    3.4392116192E-10
    64   101    9.4575395752E-10
    65    88    5.8367263080E-06
    65    89    1.0124297261E-04
    65    90    2.7724119884E-05
    65    91    9.3750212605E-05
    65    92    2.7457477057E-05
    65    93    8.6420701107E-05
    65    94    2.6971069238E-05
    65    95    7.9124056642E-05
    65    96    4.8901757685E-10
    65    97    1.7127550984E-09
    65    98    5.0972854099E-10
    65    99    1.6308677203E-09
    65   100    5.1837236990E-10
    65   101    1.5529565576E-09
    65   102    2.5632659824E-10
    66    90    3.5268856588E-12
    66    91    1.0331482853E-07
    66    92    5.1765379022E-06
    66    93    1.8299673262E-05
    66    94    5.1394394110E-06
    66    95    1.7006388559E-05
    66    96    1.3935854884E-11
    66    97    5.6793149055E-11
    66    98    1.4984398359E-11
    66    99    5.5799758687E-11
    66   100    1.5661992767E-11
    66   101    5.4655071416E-11
    66   102    1.6695201482E-11
    66   103    5.2133391743E-11
    67    92    5.3530644798E-12
    67    93    8.1466944454E-11
    67    94    1.7590359491E-11
    67    95    8.1466815803E-11
    67    96    1.8832876410E-11
    67    97    8.0619447153E-11
    67    98    2.0053663842E-11
    67    99    7.9016442857E-11
    67   100    2.1243338042E-11
    67   101    7.6728428556E-11
    67   102    2.1902233648E-11
    67   103    7.4288911069E-11
    67   104    1.1409885502E-11
    68    94    1.2428418890E-13
    68    95    1.8900027858E-12
    68    96    3.9067052477E-13
    68    97    1.9462602001E-12
    68    98    4.3199432475E-13
    68    99    1.9798941607E-12
    68   100    4.7421691140E-13
    68   101    1.9908289562E-12
    68   102    5.1693861052E-13
    68   103    1.9786408839E-12
    68   104    5.4658381499E-13
    68   105    1.9400884141E-12
    69    96    1.5825257161E-13
    69    97    2.4069287721E-12
    69    98    5.0774798794E-13
    69    99    2.4463881204E-12
    69   100    5.5328089115E-13
    69   101    2.4572359528E-12
    69   102    5.9851461894E-13
    69   103    2.4408588689E-12
    69   104    6.4307238056E-13
    69   105    2.3973292494E-12
    69   106    3.4573854732E-13
    70    98    2.9067290838E-15
    70    99    4.4197626922E-14
    70   100    8.9596739587E-15
    70   101    4.6319271660E-14
    70   102    1.0088447005E-14
    70   103    4.7856785537E-14
    70   104    1.1256762937E-14
    70   105    4.8795941788E-14
    70   106    1.2465905857E-14
    70   107    4.8724834164E-14
    71   100    3.4501583177E-15
    71   101    4.9769385932E-14
    71   102    1.0288329840E-14
    71   103    5.1658086446E-14
    71   104    1.1423943524E-14
    71   105    5.2755875027E-14
    71   106    1.2560936178E-14
    71   107    5.2760733725E-14
    72   103    2.7138935630E-18
    72   104    1.4862717719E-16
    72   105    7.7729164251E-16
    72   106    1.6717042247E-16
    72   107    8.1598510415E-16
