     0     1    2.0017063872E+00
    40    58    7.1950375770E-04
    40    59    8.5550651019E-03
    40    60    1.5397438570E-03
    40    61    7.9432859741E-03
    40    62    5.9326740344E-04
    41    59    8.3681995574E-05
    41    60    1.3168947734E-02
    41    61    7.7376472219E-02
    41    62    1.4316217449E-02
    41    63    6.9749784041E-02
    41    64    7.8836598808E-03
    42    59    7.4168823972E-06
    42    60    1.1058172337E-03
    42    61    7.9502269530E-03
    42    62    1.2670339383E-03
    42    63    7.4158512636E-03
    42    64    1.4508747203E-03
    42    65    6.8554951160E-03
    42    66    1.6590082961E-03
    42    67    6.2392171821E-03
    43    60    1.9615943077E-03
    43    61    7.3375407416E-02
    43    62    1.0802861217E-02
    43    63    6.7000378465E-02
    43    64    1.2897551765E-02
    43    65    6.5931722909E-02
    43    66    1.3770578435E-02
    43    67    5.9131229308E-02
    43    68    8.1566411260E-03
    43    69    3.8453715989E-03
    44    61    5.8970665664E-06
    44    62    9.4683092003E-04
    44    63    7.3137519017E-03
    44    64    1.2144964826E-03
    44    65    7.5217301720E-03
    44    66    1.3515386888E-03
    44    67    6.9566471385E-03
    44    68    1.5072756467E-03
    44    69    6.3797221422E-03
    44    70    7.2763112900E-04
    44    71    4.7619030411E-04
    44    72    6.1788521209E-05
    45    62    1.2324997061E-03
    45    63    6.2988053664E-02
    45    64    1.0109453333E-02
    45    65    6.2482569640E-02
    45    66    1.0443794561E-02
    45    67    5.6717577750E-02
    45    68    1.0928538017E-02
    45    69    5.1148824230E-02
    45    70    1.1555440781E-02
    45    71    4.5759596203E-02
    45    72    6.7474805290E-03
    45    73    2.7468112337E-03
    45    74    4.4313327774E-04
    46    63    4.1817589243E-06
    46    64    8.9122180141E-04
    46    65    7.2791060812E-03
    46    66    1.0534708507E-03
    46    67    6.7896491451E-03
    46    68    1.1175382306E-03
    46    69    6.3248941880E-03
    46    70    1.2243543985E-03
    46    71    5.8207003348E-03
    46    72    1.3002112395E-03
    46    73    5.3547900522E-03
    46    74    6.5444260524E-04
    46    75    3.5966672501E-04
    46    76    5.0617723837E-05
    47    65    3.8327705478E-05
    47    66    8.6039272031E-03
    47    67    5.3135904783E-02
    47    68    8.7508806335E-03
    47    69    4.8314127492E-02
    47    70    8.8001860408E-03
    47    71    4.3862345952E-02
    47    72    9.1208984974E-03
    47    73    3.9372991621E-02
    47    74    9.2663861537E-03
    47    75    3.5289766585E-02
    47    76    5.4683597018E-03
    47    77    1.9650289989E-03
    47    78    3.3346725082E-04
    48    65    1.0567843103E-06
    48    66    2.7307418720E-04
    48    67    6.5330510638E-03
    48    68    8.9831516405E-04
    48    69    6.0977890029E-03
    48    70    9.6259312766E-04
    48    71    5.6548180398E-03
    48    72    1.0071209905E-03
    48    73    5.2328842993E-03
    48    74    1.0847150778E-03
    48    75    4.7756625703E-03
    48    76    1.1325977307E-03
    48    77    4.3226266815E-03
    48    78    1.0025360691E-04
    48    79    2.7007655357E-04
    49    66    1.2847735438E-04
    49    67    3.5407805791E-03
    49    68    8.0904899383E-03
    49    69    4.8569047741E-02
    49    70    8.0535636857E-03
    49    71    4.4167688828E-02
    49    72    8.0947245284E-03
    49    73    3.9887991457E-02
    49    74    8.0249801538E-03
    49    75    3.5871684094E-02
    49    76    8.1627152194E-03
    49    77    3.1751159096E-02
    49    78    8.0915226031E-03
    49    79    2.7696675143E-02
    49    80    5.5250952712E-04
    49    81    1.3742446569E-03
    50    67    7.8884301982E-07
    50    68    2.3846527052E-04
    50    69    6.7256107973E-03
    50    70    9.7646154286E-04
    50    71    6.2491360156E-03
    50    72    9.9562766957E-04
    50    73    5.7798177747E-03
    50    74    1.0367932859E-03
    50    75    5.2776301948E-03
    50    76    1.0518670213E-03
    50    77    4.7798963799E-03
    50    78    1.0873600113E-03
    50    79    4.2256814170E-03
    50    80    5.8814368932E-04
    50    81    2.3147985596E-04
    50    82    1.2180800416E-04
    50    83    1.5821543264E-04
    51    68    8.7485309107E-05
    51    69    2.8068776622E-03
    51    70    1.1761088775E-03
    51    71    3.8376301870E-02
    51    72    6.7554913425E-03
    51    73    3.4723028396E-02
    51    74    6.5388135833E-03
    51    75    3.1187257825E-02
    51    76    6.4230791258E-03
    51    77    2.7527650345E-02
    51    78    6.1415917815E-03
    51    79    2.3819546297E-02
    51    80    5.7253881705E-03
    51    81    1.9688131146E-02
    51    82    3.4991427472E-03
    51    83    9.6345914341E-04
    51    84    1.9184993676E-04
    52    69    5.8503630110E-07
    52    70    6.7382914237E-05
    52    71    3.8042377107E-04
    52    72    7.5256970545E-04
    52    73    4.5908301826E-03
    52    74    7.6067586677E-04
    52    75    4.1802662643E-03
    52    76    7.6418640310E-04
    52    77    3.7333082197E-03
    52    78    7.3930995533E-04
    52    79    3.2386716008E-03
    52    80    6.8239911967E-04
    52    81    2.6126660783E-03
    52    82    7.7556252371E-04
    52    83    1.3682035951E-03
    52    84    8.7971399819E-05
    52    85    1.4621406016E-04
    52    86    2.6185394449E-05
    53    71    3.4932583198E-06
    53    72    8.0037744909E-04
    53    73    2.2481830857E-02
    53    74    4.0677681351E-03
    53    75    2.0085372339E-02
    53    76    3.8702631731E-03
    53    77    1.7491598835E-02
    53    78    3.6005907767E-03
    53    79    1.4528144079E-02
    53    80    3.0610005095E-03
    53    81    1.0636019978E-02
    53    82    2.2906298461E-03
    53    83    3.2214731974E-03
    53    84    1.3577599581E-03
    53    85    2.8128891830E-03
    53    86    4.3265140026E-04
    53    87    6.6268006203E-04
    54    72    9.9926286792E-06
    54    73    3.1223920144E-04
    54    74    1.1692627919E-04
    54    75    2.3685790996E-03
    54    76    3.9952258447E-04
    54    77    2.0712837723E-03
    54    78    3.6502278266E-04
    54    79    1.6886358088E-03
    54    80    2.9159840926E-04
    54    81    1.0571921917E-03
    54    82    1.6121674088E-04
    54    83    3.3296391748E-04
    54    84    2.9078438961E-04
    54    85    8.0114840064E-04
    54    86    2.1473380728E-04
    54    87    1.2608212278E-04
    54    88    6.7037526589E-05
    54    89    1.0576096227E-04
    55    73    2.4554823424E-06
    55    74    3.3491595955E-04
    55    75    1.5895239414E-03
    55    76    3.4258216480E-04
    55    77    1.5317707193E-03
    55    78    3.3791084644E-04
    55    79    1.5106424430E-03
    55    80    4.0671227086E-04
    55    81    2.0572495052E-03
    55    82    8.2061015843E-04
    55    83    1.6854157082E-03
    55    84    4.4513421330E-04
    55    85    9.5986372925E-04
    55    86    3.7179215976E-04
    55    87    7.3961225551E-04
    55    88    3.3720611486E-04
    55    89    5.7121911622E-04
    55    90    1.2069052676E-04
    56    74    7.0427579778E-06
    56    75    2.5837476153E-04
    56    76    4.5426770885E-05
    56    77    2.3352729419E-04
    56    78    4.6551499936E-05
    56    79    2.2957036769E-04
    56    80    5.2924164719E-05
    56    81    2.6293622673E-04
    56    82    6.5153322296E-05
    56    83    1.8856655562E-04
    56    84    6.0559670845E-05
    56    85    1.5634763765E-04
    56    86    5.7213250012E-05
    56    87    1.3031824393E-04
    56    88    5.5055324816E-05
    56    89    1.1397537876E-04
    56    90    4.9930434341E-05
    56    91    9.2886336632E-05
    57    76    3.0881858827E-05
    57    77    1.2686864257E-03
    57    78    2.5821866319E-04
    57    79    1.2656600520E-03
    57    80    2.8520889389E-04
    57    81    1.1285207262E-03
    57    82    2.9620137174E-04
    57    83    8.6725260544E-04
    57    84    2.8501330653E-04
    57    85    7.7006915281E-04
    57    86    2.7700184206E-04
    57    87    6.6966744828E-04
    57    88    2.5948174752E-04
    57    89    5.6687920913E-04
    57    90    2.4439722480E-04
    57    91    4.9565094823E-04
    57    92    1.0064744680E-04
    58    77    3.0513875744E-07
    58    78    3.7721278751E-05
    58    79    1.9288020951E-04
    58    80    3.6082954780E-05
    58    81    1.7860128471E-04
    58    82    4.4467916653E-05
    58    83    1.5109700572E-04
    58    84    4.2598866557E-05
    58    85    1.3468681294E-04
    58    86    4.2764090705E-05
    58    87    1.2032879873E-04
    58    88    4.1816176072E-05
    58    89    1.0527056981E-04
    58    90    3.9799009412E-05
    58    91    9.3808203675E-05
    58    92    3.8761862252E-05
    58    93    8.1027215074E-05
    58    94    1.5556394327E-05
    59    79    1.4947998192E-06
    59    80    2.0300172079E-04
    59    81    9.0052831241E-04
    59    82    2.3106594450E-04
    59    83    7.6968738696E-04
    59    84    2.1630409772E-04
    59    85    6.7821502016E-04
    59    86    2.0590136192E-04
    59    87    5.9664767643E-04
    59    88    2.0095579941E-04
    59    89    5.2218238178E-04
    59    90    1.9217168389E-04
    59    91    4.5306899800E-04
    59    92    1.8044458664E-04
    59    93    3.9813164234E-04
    59    94    1.7238144623E-04
    59    95    3.3379731396E-04
    60    80    4.0852608749E-06
    60    81    1.5897367992E-04
    60    82    3.6088651733E-05
    60    83    1.3784728597E-04
    60    84    3.4521094883E-05
    60    85    1.2392955876E-04
    60    86    3.3407357513E-05
    60    87    1.1091170954E-04
    60    88    3.2355557438E-05
    60    89    9.8937407597E-05
    60    90    3.2157288298E-05
    60    91    8.7270194485E-05
    60    92    3.0653112589E-05
    60    93    7.7934552805E-05
    60    94    2.9942346381E-05
    60    95    6.8743907732E-05
    60    96    1.3271470965E-05
    61    82    4.1253130273E-05
    61    83    6.9711428240E-04
    61    84    1.7722397310E-04
    61    85    6.1580385981E-04
    61    86    1.6726673670E-04
    61    87    5.4412372273E-04
    61    88    1.5838174136E-04
    61    89    4.8000122857E-04
    61    90    1.5302653013E-04
    61    91    4.1934781166E-04
    61    92    1.4299320649E-04
    61    93    3.7033828792E-04
    61    94    1.3657955389E-04
    61    95    3.2378065503E-04
    61    96    1.3075020866E-04
    61    97    2.7562633220E-04
    62    84    7.6512318413E-06
    62    85    1.1413009356E-04
    62    86    2.7665002759E-05
    62    87    1.0251567090E-04
    62    88    2.6609081724E-05
    62    89    9.1890245444E-05
    62    90    2.6093726502E-05
    62    91    8.1661527990E-05
    62    92    2.5245734293E-05
    62    93    7.2718408694E-05
    62    94    2.3969305284E-05
    62    95    6.5057705761E-05
    62    96    2.3276876942E-05
    62    97    5.7599829088E-05
    62    98    1.1330205641E-05
    63    85    2.4085099127E-06
    63    86    1.3913124333E-04
    63    87    4.9474323868E-04
    63    88    1.3071755702E-04
    63    89    4.3824909055E-04
    63    90    1.2490281309E-04
    63    91    3.8540602378E-04
    63    92    1.1814272491E-04
    63    93    3.3964101412E-04
    63    94    1.1208251435E-04
    63    95    2.9854355457E-04
    63    96    1.0456145872E-04
    63    97    2.6373406703E-04
    63    98    5.7002440751E-05
    64    87    4.0241013669E-07
    64    88    2.2315097659E-05
    64    89    8.4751214126E-05
    64    90    2.1309037670E-05
    64    91    7.6052146904E-05
    64    92    2.0756452093E-05
    64    93    6.7757999213E-05
    64    94    1.9963435792E-05
    64    95    6.0476684872E-05
    64    96    1.9250288466E-05
    64    97    5.3819966989E-05
    64    98    1.8229150005E-05
    64    99    4.7440637655E-05
    64   100    2.6580654580E-10
    65    89    1.9496562309E-06
    65    90    1.0263943444E-04
    65    91    3.5266072219E-04
    65    92    9.7542949823E-05
    65    93    3.1099182131E-04
    65    94    9.1808457050E-05
    65    95    2.7487081892E-04
    65    96    8.6529567603E-05
    65    97    2.4231632992E-04
    65    98    8.1916474646E-05
    65    99    2.1293216038E-04
    65   100    4.6984263746E-05
    65   101    2.5726848999E-09
    66    91    3.3601996666E-07
    66    92    1.7394148887E-05
    66    93    6.2581304555E-05
    66    94    1.6573366204E-05
    66    95    5.6086251434E-05
    66    96    1.5847641808E-05
    66    97    5.0159126075E-05
    66    98    1.5192468390E-05
    66    99    4.4745087016E-05
    66   100    8.9390470927E-06
    66   101    8.7112930462E-11
    66   102    1.2556655401E-11
    67    94    1.7728016854E-05
    67    95    2.5068471011E-04
    67    96    7.1637903397E-05
    67    97    2.2193480002E-04
    67    98    6.7293396576E-05
    67    99    1.9612516702E-04
    67   100    4.2911999832E-05
    67   101    1.2038532458E-10
    67   102    3.3747523873E-11
    67   103    1.1416221825E-10
    68    96    2.2577180061E-13
    68    97    2.9311786898E-12
    68    98    6.3789834417E-13
    68    99    2.9550444597E-12
    68   100    6.9444754445E-13
    68   101    2.9434987027E-12
    68   102    7.5039564948E-13
    68   103    2.8969202796E-12
    68   104    3.9227989094E-13
    69    99    1.6580266755E-14
    69   100    7.9122184133E-13
    69   101    3.5504680318E-12
    69   102    8.4846660134E-13
    69   103    3.4924829142E-12
    69   104    4.8060622942E-13
    70   101    2.7994100094E-16
    70   102    1.3305207088E-14
    70   103    6.3812548453E-14
    70   104    1.4731305639E-14
    70   105    6.4095184872E-14
