     0     1    1.8177460822E+00
    44    64    5.3420612994E-04
    44    65    4.7170089783E-03
    44    66    1.1502127036E-03
    44    67    4.1399321498E-03
    44    68    1.1687944778E-03
    44    69    3.6088016939E-03
    44    70    1.1560053287E-03
    44    71    3.1185491153E-03
    45    65    1.3917584072E-04
    45    66    7.5443792883E-03
    45    67    2.7879421496E-02
    45    68    7.3599152054E-03
    45    69    2.3899962782E-02
    45    70    7.2154294729E-03
    45    71    2.0367629848E-02
    45    72    6.9148589872E-03
    45    73    1.7408709923E-02
    45    74    2.8501659333E-03
    46    65    1.4774982882E-05
    46    66    8.9224109364E-04
    46    67    3.8718624487E-03
    46    68    8.7293736984E-04
    46    69    3.4288288337E-03
    46    70    8.7630877890E-04
    46    71    3.0033681463E-03
    46    72    8.6060432582E-04
    46    73    2.6375477744E-03
    46    74    8.6873529591E-04
    46    75    2.2806028280E-03
    46    76    3.3187618626E-04
    47    66    1.7797932863E-03
    47    67    2.5249824495E-02
    47    68    5.6878998875E-03
    47    69    2.1828816542E-02
    47    70    5.3831373976E-03
    47    71    1.8907870197E-02
    47    72    5.2213296918E-03
    47    73    1.6212122648E-02
    47    74    4.9752390076E-03
    47    75    1.3947639351E-02
    47    76    4.7430802186E-03
    47    77    1.1948258806E-02
    47    78    2.0537931878E-03
    48    66    2.1759785614E-04
    48    67    3.5812057734E-03
    48    68    6.9167184631E-04
    48    69    3.1752254919E-03
    48    70    6.8440671176E-04
    48    71    2.8853608810E-03
    48    72    3.5149678656E-03
    48    73    2.4790084196E-03
    48    74    6.6209928222E-04
    48    75    2.1682869590E-03
    48    76    6.4624005669E-04
    48    77    1.9017735892E-03
    48    78    6.3061549712E-04
    48    79    1.6599246471E-03
    48    80    2.5629162312E-04
    49    67    5.6715762488E-05
    49    68    4.4616122944E-03
    49    69    1.9742493920E-02
    49    70    4.2436494205E-03
    49    71    1.7133069322E-02
    49    72    1.5161840790E-02
    49    73    1.7452274957E-01
    49    74    4.0378856343E-02
    49    75    1.5469880443E-01
    49    76    3.6962450396E-03
    49    77    1.1013091279E-02
    49    78    3.5093240869E-03
    49    79    9.4806670606E-03
    49    80    3.3340940907E-03
    49    81    8.0073440492E-03
    50    68    1.5073139814E-04
    50    69    2.9071123621E-03
    50    70    5.4994160526E-04
    50    71    2.5807090789E-03
    50    72    5.2875965479E-04
    50    73    2.3639170897E-03
    50    74    5.2034982399E-03
    50    75    2.3003198723E-02
    50    76    5.2055186369E-03
    50    77    2.0717812987E-02
    50    78    4.9622237822E-04
    50    79    1.5596662943E-03
    50    80    4.8100106005E-04
    50    81    1.3658752605E-03
    50    82    7.2311351253E-04
    50    83    9.1935058750E-04
    51    69    3.9129657473E-05
    51    70    3.4395177549E-03
    51    71    1.5361097548E-02
    51    72    3.2453620714E-03
    51    73    1.3364095718E-02
    51    74    9.7088151413E-03
    51    75    1.2912794173E-01
    51    76    2.9568804552E-02
    51    77    1.1440625063E-01
    51    78    2.8531329389E-02
    51    79    1.0054601470E-01
    51    80    2.5551078108E-03
    51    81    7.5492658718E-03
    51    82    3.5467595967E-03
    51    83    5.4649258836E-03
    51    84    3.3258054414E-03
    51    85    4.3671745879E-03
    52    70    9.8443208780E-05
    52    71    2.3575537022E-03
    52    72    4.3263452089E-04
    52    73    2.0960931494E-03
    52    74    4.1887028428E-04
    52    75    1.9025800938E-03
    52    76    3.4743536469E-03
    52    77    1.5456175238E-02
    52    78    3.4177994907E-03
    52    79    1.3901302198E-02
    52    80    2.1450284146E-03
    52    81    1.2799039485E-03
    52    82    5.3046875085E-04
    52    83    9.6877366301E-04
    52    84    5.0805485362E-04
    52    85    8.2663919383E-04
    52    86    1.5178182290E-04
    53    71    2.6934286843E-05
    53    72    2.6627113712E-03
    53    73    1.1943057156E-02
    53    74    2.4636191962E-03
    53    75    1.0443081967E-02
    53    76    5.5567287347E-03
    53    77    7.1722830912E-02
    53    78    1.6228144549E-02
    53    79    6.3132760349E-02
    53    80    1.5329930048E-02
    53    81    5.4949448032E-02
    53    82    1.0812922348E-02
    53    83    5.2347417723E-03
    53    84    2.5120281538E-03
    53    85    4.4349889997E-03
    53    86    2.4029167324E-03
    53    87    3.7208624689E-03
    53    88    7.9074295913E-04
    54    72    6.7828361334E-05
    54    73    1.9008230395E-03
    54    74    3.4702674929E-04
    54    75    1.6912058871E-03
    54    76    3.3305081149E-04
    54    77    1.5008479983E-03
    54    78    7.0726397296E-04
    54    79    7.6800445424E-03
    54    80    1.6398242640E-03
    54    81    6.7278986932E-03
    54    82    2.1458107451E-03
    54    83    5.0309820759E-03
    54    84    9.7749284336E-04
    54    85    8.0597431134E-04
    54    86    3.7895665839E-04
    54    87    6.9258257605E-04
    54    88    3.7018753704E-04
    54    89    5.7200525497E-04
    55    74    3.1037373442E-04
    55    75    9.2993529626E-03
    55    76    1.9049524283E-03
    55    77    8.1261337941E-03
    55    78    1.7781402548E-03
    55    79    7.1558808189E-03
    55    80    6.6310125553E-03
    55    81    2.6161177222E-02
    55    82    7.7779522649E-03
    55    83    1.8314786285E-02
    55    84    4.9885296545E-03
    55    85    1.0075466645E-02
    55    86    1.8323115685E-03
    55    87    3.5730928076E-03
    55    88    1.7454204558E-03
    55    89    3.0214792129E-03
    55    90    1.6276161085E-03
    55    91    2.5002917394E-03
    56    75    2.7507275878E-06
    56    76    2.7902182186E-04
    56    77    1.3608955879E-03
    56    78    2.6254605442E-04
    56    79    1.2118630910E-03
    56    80    2.7168524053E-04
    56    81    1.4307016786E-03
    56    82    4.5213956070E-04
    56    83    1.3898431966E-03
    56    84    5.0097062199E-04
    56    85    1.2175625938E-03
    56    86    4.0440228445E-04
    56    87    9.0988757414E-04
    56    88    2.8391351931E-04
    56    89    5.7504018862E-04
    56    90    2.6834763897E-04
    56    91    5.0086650691E-04
    56    92    9.7004400045E-05
    57    76    2.0643091632E-04
    57    77    7.2206789036E-03
    57    78    1.4781514935E-03
    57    79    6.3195275973E-03
    57    80    1.3714670732E-03
    57    81    5.5200607566E-03
    57    82    1.8703384873E-03
    57    83    6.6563479695E-03
    57    84    1.9322937099E-03
    57    85    4.8323481601E-03
    57    86    1.7103620197E-03
    57    87    4.0447754032E-03
    57    88    1.4669554445E-03
    57    89    2.8614531913E-03
    57    90    1.2433012127E-03
    57    91    2.4675964761E-03
    57    92    1.1858612826E-03
    57    93    2.0357431096E-03
    58    78    3.6185095965E-05
    58    79    1.0925928227E-03
    58    80    2.1019578617E-04
    58    81    9.7317149933E-04
    58    82    2.4936432020E-04
    58    83    8.1772204438E-04
    58    84    2.5726015226E-04
    58    85    7.8720196928E-04
    58    86    2.5021527182E-04
    58    87    6.8186629415E-04
    58    88    2.4035929272E-04
    58    89    5.9411026747E-04
    58    90    2.0847944349E-04
    58    91    4.7911118038E-04
    58    92    2.0131906910E-04
    58    93    4.1419197665E-04
    58    94    1.9527859138E-04
    58    95    3.4682728478E-04
    59    79    1.0180694485E-05
    59    80    1.1505171296E-03
    59    81    4.9119229642E-03
    59    82    1.2749942055E-03
    59    83    4.1024698024E-03
    59    84    1.1737442531E-03
    59    85    3.5657822386E-03
    59    86    1.1453850278E-03
    59    87    3.2346623564E-03
    59    88    1.0963281044E-03
    59    89    2.7752539586E-03
    59    90    1.0348236504E-03
    59    91    2.3884171456E-03
    59    92    9.1539144601E-04
    59    93    1.9755121960E-03
    59    94    8.6688370825E-04
    59    95    1.6854897790E-03
    59    96    3.7027712435E-04
    60    81    1.7135319223E-06
    60    82    2.0362379014E-04
    60    83    7.4746651362E-04
    60    84    1.9087590838E-04
    60    85    6.6049728890E-04
    60    86    1.8149787820E-04
    60    87    5.8254287929E-04
    60    88    1.7520113985E-04
    60    89    5.2019727652E-04
    60    90    1.7112775835E-04
    60    91    4.5240282342E-04
    60    92    1.5923312876E-04
    60    93    3.9164020723E-04
    60    94    1.5177941556E-04
    60    95    3.4045553399E-04
    60    96    1.4610906547E-04
    60    97    2.8747379672E-04
    61    82    2.3556474413E-04
    61    83    3.6949220484E-03
    61    84    9.5639006041E-04
    61    85    3.2134526687E-03
    61    86    8.8720203165E-04
    61    87    2.7987104960E-03
    61    88    8.2834945330E-04
    61    89    2.4516595533E-03
    61    90    7.9008618065E-04
    61    91    2.1118956353E-03
    61    92    7.2672384307E-04
    61    93    1.8389295910E-03
    61    94    6.7803827641E-04
    61    95    1.5724374769E-03
    61    96    6.3901281346E-04
    61    97    1.3499999062E-03
    61    98    2.9714748076E-04
    62    84    4.2033664068E-05
    62    85    6.0146339749E-04
    62    86    1.4895008438E-04
    62    87    5.3219040688E-04
    62    88    1.4078497348E-04
    62    89    4.7006757142E-04
    62    90    1.3572700443E-04
    62    91    4.1247797692E-04
    62    92    1.2922105645E-04
    62    93    3.6200911497E-04
    62    94    1.2058022583E-04
    62    95    3.1850697520E-04
    62    96    1.1502275714E-04
    62    97    2.7791660288E-04
    62    98    1.1011840746E-04
    62    99    2.3650748038E-04
    63    86    1.7201506785E-04
    63    87    2.5135125302E-03
    63    88    6.7417591178E-04
    63    89    2.1943564072E-03
    63    90    6.3352239982E-04
    63    91    1.9021468188E-03
    63    92    5.8969560002E-04
    63    93    1.6538227413E-03
    63    94    5.5064494312E-04
    63    95    1.4330782404E-03
    63    96    5.0522790823E-04
    63    97    1.2468788654E-03
    63    98    4.7382296812E-04
    63    99    1.0750005514E-03
    63   100    2.3904922249E-04
    64    87    2.2246582412E-06
    64    88    1.1672079929E-04
    64    89    4.2772462844E-04
    64    90    1.0957246560E-04
    64    91    3.7820674609E-04
    64    92    1.0488298793E-04
    64    93    3.3204840747E-04
    64    94    9.9181572322E-05
    64    95    2.9205902483E-04
    64    96    9.4047568250E-05
    64    97    2.5614424400E-04
    64    98    8.7614446396E-05
    64    99    2.2572522435E-04
    64   100    8.3418534038E-05
    64   101    1.9336890592E-04
    65    89    1.0469740149E-05
    65    90    5.1426914382E-04
    65    91    1.7173116351E-03
    65    92    4.8078267344E-04
    65    93    1.4926824365E-03
    65    94    4.4526741292E-04
    65    95    1.3004764207E-03
    65    96    4.1294592220E-04
    65    97    1.1301132318E-03
    65    98    3.8468540524E-04
    65    99    9.7893131327E-04
    65   100    3.5338197141E-04
    65   101    8.3901086178E-04
    66    91    1.7591260152E-06
    66    92    8.6861041556E-05
    66    93    3.0246165777E-04
    66    94    8.1383311465E-05
    66    95    2.6711913707E-04
    66    96    7.6526801453E-05
    66    97    2.3541399029E-04
    66    98    7.2148150395E-05
    66    99    2.0695613868E-04
    66   100    6.6963621497E-05
    66   101    1.8256713242E-04
    66   102    3.7779441560E-05
    67    93    7.9394948604E-06
    67    94    3.6623700104E-04
    67    95    1.1699592706E-03
    67    96    3.3763326627E-04
    67    97    1.0209639907E-03
    67    98    3.1213308411E-04
    67    99    8.8934336033E-04
    67   100    2.8940950543E-04
    67   101    7.7305567226E-04
    67   102    1.7312856141E-04
    68    96    1.6097147871E-05
    68    97    2.1422683096E-04
    68    98    5.9399800540E-05
    68    99    1.8908521759E-04
    68   100    5.5707533694E-05
    68   101    1.6654465291E-04
    68   102    5.2384835811E-05
    68   103    1.4463503345E-04
